測定局コード,日付,時,SO2(ppm),NO(ppm),NO2(ppm),NOx(ppm),CO(ppm),Ox(ppm),NMHC(ppmC),CH4(ppmC),THC(ppmC),SPM(mg/m3),PM2.5(μg/m3),SP(mg/m3),WD(16Dir),WS(m/s),TEMP(℃),HUM(％)
20209010,2025/09/01,01,0,0.003,0.003,0.006,,0.021,,,,0.015,10,,N,1.5,,
20209010,2025/09/01,02,-,0.003,0.003,0.006,,0.019,,,,0.019,10,,N,1.1,,
20209010,2025/09/01,03,0,0.004,0.003,0.007,,0.017,,,,0.017,9,,NNW,1.2,,
20209010,2025/09/01,04,0,0.004,0.003,0.007,,0.016,,,,0.012,11,,N,1.0,,
20209010,2025/09/01,05,0,0.005,0.003,0.008,,0.014,,,,0.019,10,,NNW,1.2,,
20209010,2025/09/01,06,0,0.005,0.003,0.008,,0.014,,,,0.008,11,,N,1.1,,
20209010,2025/09/01,07,0,0.005,0.003,0.008,,0.014,,,,0.014,11,,NNW,1.7,,
20209010,2025/09/01,08,0,0.005,0.003,0.008,,0.022,,,,0.024,14,,SSE,3.5,,
20209010,2025/09/01,09,0,0.002,0.004,0.006,,0.037,,,,0.018,18,,S,5.9,,
20209010,2025/09/01,10,0,0.001,0.003,0.004,,0.045,,,,0.014,15,,S,5.7,,
20209010,2025/09/01,11,0,0.001,0.003,0.004,,0.049,,,,0.018,16,,S,5.3,,
20209010,2025/09/01,12,0,0.001,0.003,0.004,,0.047,,,,0.017,16,,S,5.7,,
20209010,2025/09/01,13,0,0.001,0.003,0.004,,0.045,,,,0.015,15,,SSE,5.3,,
20209010,2025/09/01,14,0,0.001,0.004,0.005,,0.043,,,,0.014,14,,SSE,5.7,,
20209010,2025/09/01,15,0,0.001,0.003,0.004,,0.043,,,,0.014,12,,S,5.1,,
20209010,2025/09/01,16,0,0.001,0.003,0.004,,0.042,,,,0.012,11,,S,3.6,,
20209010,2025/09/01,17,0.001,0.002,0.003,0.005,,0.041,,,,0.020,12,,S,4.1,,
20209010,2025/09/01,18,0,0.002,0.004,0.006,,0.032,,,,0.025,12,,NW,2.6,,
20209010,2025/09/01,19,0,0.002,0.004,0.006,,0.026,,,,0.019,12,,NNW,1.3,,
20209010,2025/09/01,20,0,0.003,0.004,0.007,,0.022,,,,0.012,10,,NNW,0.5,,
20209010,2025/09/01,21,0,0.004,0.004,0.008,,0.021,,,,0.017,7,,NNW,1.4,,
20209010,2025/09/01,22,0,0.003,0.004,0.007,,0.020,,,,0.017,7,,NNW,2.0,,
20209010,2025/09/01,23,0,0.003,0.004,0.007,,0.018,,,,0.007,7,,S,1.0,,
20209010,2025/09/01,24,0,0.005,0.003,0.008,,0.019,,,,0.002,7,,S,2.0,,
20209010,2025/09/02,01,0,0.006,0.003,0.009,,0.019,,,,0.014,6,,SW,1.2,,
20209010,2025/09/02,02,0,-,-,-,,0.018,,,,0.004,4,,S,3.4,,
20209010,2025/09/02,03,0,0.003,0.003,0.006,,0.017,,,,0.018,6,,NW,1.0,,
20209010,2025/09/02,04,0,0.003,0.003,0.006,,0.016,,,,0.002,7,,NNW,1.6,,
20209010,2025/09/02,05,0,0.003,0.003,0.006,,0.015,,,,0.010,8,,N,1.0,,
20209010,2025/09/02,06,0,0.003,0.003,0.006,,0.014,,,,0.010,7,,NNW,1.3,,
20209010,2025/09/02,07,0,0.004,0.003,0.007,,0.014,,,,0.010,5,,NNW,0.6,,
20209010,2025/09/02,08,0,0.005,0.003,0.008,,0.015,,,,0.005,7,,SSW,1.5,,
20209010,2025/09/02,09,0,0.004,0.003,0.007,,0.020,,,,0,7,,S,6.2,,
20209010,2025/09/02,10,0,0.002,0.003,0.005,,0.022,,,,0.005,4,,SSE,6.2,,
20209010,2025/09/02,11,0,0.001,0.003,0.004,,0.024,,,,0.011,6,,S,6.2,,
20209010,2025/09/02,12,0,0.001,0.003,0.004,,0.027,,,,0.006,8,,S,5.1,,
20209010,2025/09/02,13,0,0.002,0.003,0.005,,0.027,,,,0,8,,SSE,6.7,,
20209010,2025/09/02,14,0,0.001,0.003,0.004,,0.026,,,,0.011,7,,S,5.9,,
20209010,2025/09/02,15,0,0.001,0.003,0.004,,0.026,,,,0.005,3,,S,6.2,,
20209010,2025/09/02,16,0,0.001,0.003,0.004,,0.028,,,,0.002,6,,S,6.1,,
20209010,2025/09/02,17,0,0.001,0.003,0.004,,0.031,,,,0.008,6,,S,5.8,,
20209010,2025/09/02,18,0.001,0.002,0.003,0.005,,0.030,,,,0,6,,SSW,3.5,,
20209010,2025/09/02,19,0.001,0.003,0.003,0.006,,0.026,,,,0.014,8,,NNW,0.9,,
20209010,2025/09/02,20,0,0.004,0.003,0.007,,0.015,,,,0.004,4,,NW,0.5,,
20209010,2025/09/02,21,0,0.004,0.003,0.007,,0.017,,,,0.003,4,,SE,1.8,,
20209010,2025/09/02,22,0,0.004,0.004,0.008,,0.018,,,,0.010,7,,NNW,1.8,,
20209010,2025/09/02,23,0,0.004,0.003,0.007,,0.016,,,,0.006,6,,NNW,1.3,,
20209010,2025/09/02,24,0,0.003,0.003,0.006,,0.016,,,,0.011,6,,NNW,1.7,,
20209010,2025/09/03,01,0,0.004,0.003,0.007,,0.016,,,,0.003,7,,NNW,1.0,,
20209010,2025/09/03,02,0,0.004,0.003,0.007,,0.013,,,,0.007,7,,NNW,0.5,,
20209010,2025/09/03,03,0,0.005,0.003,0.008,,0.012,,,,0.013,5,,NNW,1.1,,
20209010,2025/09/03,04,0,0.005,0.003,0.008,,0.011,,,,0.011,7,,N,1.7,,
20209010,2025/09/03,05,0,0.005,0.003,0.008,,0.008,,,,0.014,6,,NNW,0.6,,
20209010,2025/09/03,06,0,0.005,0.003,0.008,,0.010,,,,0.002,6,,NNW,1.0,,
20209010,2025/09/03,07,0,0.005,0.003,0.008,,0.013,,,,0.004,5,,ENE,1.1,,
20209010,2025/09/03,08,0,0.006,0.003,0.009,,0.019,,,,0.012,10,,E,0.6,,
20209010,2025/09/03,09,0.001,0.005,0.004,0.009,,0.032,,,,0.007,13,,SE,1.9,,
20209010,2025/09/03,10,0,0.002,0.005,0.007,,0.039,,,,0.008,9,,S,4.5,,
20209010,2025/09/03,11,0,0.001,0.004,0.005,,0.040,,,,0.007,10,,SSE,2.9,,
20209010,2025/09/03,12,0,0.001,0.003,0.004,,0.036,,,,0.011,10,,S,3.7,,
20209010,2025/09/03,13,0.001,0.002,0.003,0.005,,0.035,,,,0.008,6,,SSE,2.6,,
20209010,2025/09/03,14,0,0.002,0.004,0.006,,0.036,,,,0.002,9,,S,3.8,,
20209010,2025/09/03,15,0.001,0.002,0.004,0.006,,0.033,,,,0.013,6,,S,4.2,,
20209010,2025/09/03,16,0,0.002,0.004,0.006,,0.032,,,,0.009,10,,SSW,3.5,,
20209010,2025/09/03,17,0.001,0.002,0.004,0.006,,0.027,,,,0.016,8,,SSW,1.0,,
20209010,2025/09/03,18,0.001,0.004,0.003,0.007,,0.025,,,,0.016,11,,S,2.4,,
20209010,2025/09/03,19,0.001,0.004,0.004,0.008,,0.027,,,,0.008,8,,S,1.7,,
20209010,2025/09/03,20,0.001,0.004,0.004,0.008,,0.027,,,,0.018,9,,NNW,0.8,,
20209010,2025/09/03,21,0,0.005,0.004,0.009,,0.024,,,,0.017,10,,N,1.3,,
20209010,2025/09/03,22,0,0.004,0.004,0.008,,0.018,,,,0.008,8,,NNW,1.7,,
20209010,2025/09/03,23,0,0.003,0.004,0.007,,0.018,,,,0.016,9,,NNW,1.8,,
20209010,2025/09/03,24,0,0.004,0.004,0.008,,0.020,,,,0.007,8,,NW,1.1,,
20209010,2025/09/04,01,0,0.005,0.003,0.008,,0.018,,,,0.012,9,,NNW,1.3,,
20209010,2025/09/04,02,0,0.005,0.003,0.008,,0.017,,,,0.011,9,,NNW,1.3,,
20209010,2025/09/04,03,0,0.004,0.003,0.007,,0.017,,,,0.009,10,,NNW,1.0,,
20209010,2025/09/04,04,0,0.004,0.003,0.007,,0.014,,,,0.006,10,,NNW,1.5,,
20209010,2025/09/04,05,0,0.005,0.003,0.008,,0.013,,,,0.017,9,,N,1.2,,
20209010,2025/09/04,06,0,0.005,0.003,0.008,,0.012,,,,0.011,10,,NNW,1.6,,
20209010,2025/09/04,07,0,0.004,0.003,0.007,,0.013,,,,0.014,9,,NNW,1.3,,
20209010,2025/09/04,08,0,0.006,0.003,0.009,,0.016,,,,0.004,9,,NW,0.6,,
20209010,2025/09/04,09,0.001,0.006,0.004,0.010,,0.025,,,,0.012,-,,WSW,1.2,,
20209010,2025/09/04,10,0,0.003,0.005,0.008,,-,,,,-,-,,S,3.0,,
20209010,2025/09/04,11,0,-,-,-,,0.026,,,,0,9,,S,2.4,,
20209010,2025/09/04,12,0,0.001,0.002,0.003,,0.026,,,,0.009,10,,W,1.9,,
20209010,2025/09/04,13,0,0,0.002,0.002,,0.024,,,,0.004,8,,S,5.9,,
20209010,2025/09/04,14,0,0.001,0.001,0.002,,0.017,,,,0.007,4,,SSE,5.7,,
20209010,2025/09/04,15,0,0.001,0.002,0.003,,0.015,,,,0.003,3,,S,7.8,,
20209010,2025/09/04,16,0,0.001,0.001,0.002,,0.013,,,,0.004,4,,SSE,5.1,,
20209010,2025/09/04,17,0,0.001,0.002,0.003,,0.012,,,,0,2,,S,1.1,,
20209010,2025/09/04,18,0,0.001,0.004,0.005,,0.009,,,,0.011,1,,CALM,0.4,,
20209010,2025/09/04,19,0,0.001,0.005,0.006,,0.007,,,,0.016,2,,SE,1.1,,
20209010,2025/09/04,20,0,0,0.003,0.003,,0.009,,,,0,3,,SE,0.6,,
20209010,2025/09/04,21,0,0,0.003,0.003,,0.009,,,,0.003,1,,ESE,0.6,,
20209010,2025/09/04,22,0,0.001,0.003,0.004,,0.008,,,,0,3,,SSE,2.2,,
20209010,2025/09/04,23,0,0,0.002,0.002,,0.008,,,,0.002,3,,SSE,1.4,,
20209010,2025/09/04,24,0,0,0.002,0.002,,0.006,,,,0.001,2,,S,1.1,,
20209010,2025/09/05,01,0,0.001,0.002,0.003,,0.006,,,,0.007,2,,CALM,0.3,,
20209010,2025/09/05,02,0,0,0.002,0.002,,0.005,,,,0,1,,E,0.6,,
20209010,2025/09/05,03,0,0,0.001,0.001,,0.004,,,,0.006,2,,CALM,0.1,,
20209010,2025/09/05,04,0,0,0.001,0.001,,0.004,,,,0.004,1,,NNW,0.8,,
20209010,2025/09/05,05,0,0,0.001,0.001,,0.005,,,,0.009,1,,N,1.4,,
20209010,2025/09/05,06,0,0,0.002,0.002,,0.005,,,,0,1,,NNW,1.0,,
20209010,2025/09/05,07,0,0.001,0.003,0.004,,0.004,,,,0.002,2,,CALM,0.4,,
20209010,2025/09/05,08,0,0.001,0.003,0.004,,0.005,,,,0.001,2,,ENE,0.9,,
20209010,2025/09/05,09,0,0.002,0.004,0.006,,0.006,,,,0.002,1,,NE,0.5,,
20209010,2025/09/05,10,0,0.003,0.005,0.008,,0.005,,,,0.003,1,,CALM,0.4,,
20209010,2025/09/05,11,0,0.002,0.004,0.006,,0.007,,,,0.003,0,,NNW,1.2,,
20209010,2025/09/05,12,0,0.002,0.004,0.006,,0.008,,,,0.003,1,,NNW,1.6,,
20209010,2025/09/05,13,0,0.001,0.002,0.003,,0.012,,,,0,0,,NE,1.0,,
20209010,2025/09/05,14,0,0.001,0.002,0.003,,0.015,,,,0.002,1,,NNE,2.0,,
20209010,2025/09/05,15,0,0.001,0.001,0.002,,0.018,,,,0.003,3,,NE,2.3,,
20209010,2025/09/05,16,0,0.002,0.004,0.006,,0.021,,,,0,3,,NNE,2.5,,
20209010,2025/09/05,17,0,0.001,0.003,0.004,,0.021,,,,0.003,1,,N,1.9,,
20209010,2025/09/05,18,0,0.001,0.003,0.004,,0.018,,,,0,3,,NNE,1.0,,
20209010,2025/09/05,19,0,0.001,0.003,0.004,,0.016,,,,0.004,4,,NE,2.6,,
20209010,2025/09/05,20,0,0.001,0.003,0.004,,0.014,,,,0.005,3,,NE,1.3,,
20209010,2025/09/05,21,0,0.001,0.003,0.004,,0.012,,,,0,2,,N,1.6,,
20209010,2025/09/05,22,0,0,0.004,0.004,,0.009,,,,0.004,2,,N,1.6,,
20209010,2025/09/05,23,0,0.001,0.003,0.004,,0.004,,,,0.005,3,,NW,0.6,,
20209010,2025/09/05,24,0,0.001,0.003,0.004,,0.004,,,,0.006,2,,SSE,0.7,,
20209010,2025/09/06,01,0,0.001,0.003,0.004,,0.003,,,,0.006,2,,NNW,1.5,,
20209010,2025/09/06,02,0,0.001,0.002,0.003,,0.002,,,,0.010,3,,NNW,2.0,,
20209010,2025/09/06,03,0,0.001,0.002,0.003,,0.003,,,,0.002,2,,NNW,1.6,,
20209010,2025/09/06,04,0,0.001,0.002,0.003,,0.003,,,,0.006,1,,NE,0.7,,
20209010,2025/09/06,05,0,0.001,0.003,0.004,,0.004,,,,0.014,2,,NE,1.0,,
20209010,2025/09/06,06,0,0.001,0.004,0.005,,0.004,,,,0.006,3,,NE,0.5,,
20209010,2025/09/06,07,0,0.002,0.003,0.005,,0.009,,,,0.008,1,,NE,1.1,,
20209010,2025/09/06,08,0,0.001,0.001,0.002,,0.018,,,,0.001,3,,ESE,0.9,,
20209010,2025/09/06,09,0,0.001,0.001,0.002,,0.026,,,,0.009,6,,N,0.7,,
20209010,2025/09/06,10,0,0.001,0.002,0.003,,0.031,,,,0.002,6,,E,1.3,,
20209010,2025/09/06,11,0,0,0.002,0.002,,0.035,,,,0.010,7,,S,3.9,,
20209010,2025/09/06,12,0,0,0.002,0.002,,0.033,,,,0,8,,SSE,6.6,,
20209010,2025/09/06,13,0,0,0.001,0.001,,0.031,,,,0.005,4,,SSE,4.9,,
20209010,2025/09/06,14,0,0,0.001,0.001,,0.031,,,,0.019,7,,S,6.0,,
20209010,2025/09/06,15,0,0,0.001,0.001,,0.030,,,,0.005,6,,S,6.3,,
20209010,2025/09/06,16,0,0,0.001,0.001,,0.033,,,,0.007,5,,S,6.4,,
20209010,2025/09/06,17,0,0,0.002,0.002,,0.038,,,,0.009,6,,SSW,4.0,,
20209010,2025/09/06,18,0,0,0.002,0.002,,0.036,,,,0.013,10,,W,1.4,,
20209010,2025/09/06,19,0,0,0.002,0.002,,0.037,,,,0.002,6,,S,1.8,,
20209010,2025/09/06,20,0,0,0.003,0.003,,0.034,,,,0.018,7,,SSW,0.9,,
20209010,2025/09/06,21,0,0,0.003,0.003,,0.019,,,,0.013,7,,NNW,0.7,,
20209010,2025/09/06,22,0,0,0.003,0.003,,0.017,,,,0.010,5,,NNW,1.2,,
20209010,2025/09/06,23,0,0,0.002,0.002,,0.019,,,,0.006,5,,NNW,1.7,,
20209010,2025/09/06,24,0,0,0.002,0.002,,0.020,,,,0.001,6,,NNW,1.6,,
20209010,2025/09/07,01,0,0,0.002,0.002,,0.022,,,,0,5,,NNW,1.8,,
20209010,2025/09/07,02,0,0,0.002,0.002,,0.019,,,,0.006,4,,N,1.5,,
20209010,2025/09/07,03,0,0,0.001,0.001,,0.020,,,,0,5,,NNW,2.0,,
20209010,2025/09/07,04,0,0,0.001,0.001,,0.019,,,,0.007,5,,NNW,1.8,,
20209010,2025/09/07,05,0,0,0.001,0.001,,0.019,,,,0.006,5,,NNW,1.7,,
20209010,2025/09/07,06,0,0,0.002,0.002,,0.018,,,,0.005,4,,NNW,2.0,,
20209010,2025/09/07,07,0,0,0.002,0.002,,0.017,,,,0.009,5,,N,0.7,,
20209010,2025/09/07,08,0,0.001,0.002,0.003,,0.020,,,,0.014,7,,S,1.8,,
20209010,2025/09/07,09,0,0,0.001,0.001,,0.028,,,,0.006,10,,S,3.1,,
20209010,2025/09/07,10,0,0,0.001,0.001,,0.033,,,,0.011,10,,SSE,3.5,,
20209010,2025/09/07,11,0,0.001,0.001,0.002,,0.036,,,,0.007,9,,SSE,5.7,,
20209010,2025/09/07,12,0,0,0.001,0.001,,0.038,,,,0.002,10,,SSE,5.9,,
20209010,2025/09/07,13,0,0,0.001,0.001,,0.037,,,,0.013,11,,SSW,5.2,,
20209010,2025/09/07,14,0,0,0.001,0.001,,0.040,,,,0.008,8,,SSW,5.1,,
20209010,2025/09/07,15,0,0,0.001,0.001,,0.043,,,,0.011,7,,S,5.1,,
20209010,2025/09/07,16,0,0,0.002,0.002,,0.040,,,,0.014,5,,SSW,4.5,,
20209010,2025/09/07,17,0,0,0.002,0.002,,0.036,,,,0.013,8,,SSW,4.5,,
20209010,2025/09/07,18,0,0,0.002,0.002,,0.030,,,,0.014,9,,SSE,2.1,,
20209010,2025/09/07,19,0,0,0.003,0.003,,0.026,,,,0.006,8,,S,1.8,,
20209010,2025/09/07,20,0,0,0.002,0.002,,0.026,,,,0.008,9,,S,1.2,,
20209010,2025/09/07,21,0,0,0.002,0.002,,0.024,,,,0.011,10,,SW,0.8,,
20209010,2025/09/07,22,0,0,0.002,0.002,,0.021,,,,0.018,8,,SE,1.2,,
20209010,2025/09/07,23,0,0,0.003,0.003,,0.014,,,,0.014,7,,NNW,1.0,,
20209010,2025/09/07,24,0,0,0.003,0.003,,0.012,,,,0.006,5,,N,1.0,,
20209010,2025/09/08,01,0,0,0.003,0.003,,0.010,,,,0.009,7,,NNW,2.0,,
20209010,2025/09/08,02,0,0,0.003,0.003,,-,,,,0.003,6,,N,1.3,,
20209010,2025/09/08,03,0,0,0.003,0.003,,0.007,,,,0.009,7,,NNW,1.9,,
20209010,2025/09/08,04,0,0,0.003,0.003,,0.007,,,,0.018,6,,NNE,0.5,,
20209010,2025/09/08,05,0,0,0.002,0.002,,0.007,,,,0.015,6,,NW,0.7,,
20209010,2025/09/08,06,0,0.001,0.003,0.004,,0.006,,,,0.014,6,,NE,0.6,,
20209010,2025/09/08,07,0,0.001,0.003,0.004,,0.008,,,,0.013,4,,ENE,0.7,,
20209010,2025/09/08,08,0,0.002,0.004,0.006,,0.013,,,,0.010,6,,NE,0.6,,
20209010,2025/09/08,09,0.001,0.002,0.003,0.005,,0.022,,,,0.004,10,,S,0.7,,
20209010,2025/09/08,10,0,0.001,0.002,0.003,,0.035,,,,0.009,11,,S,2.0,,
20209010,2025/09/08,11,0,0,0.002,0.002,,0.041,,,,0.007,11,,S,3.2,,
20209010,2025/09/08,12,0,0,0.002,0.002,,0.042,,,,0.006,9,,SSE,2.4,,
20209010,2025/09/08,13,0,0,0.001,0.001,,0.041,,,,0.006,7,,S,3.2,,
20209010,2025/09/08,14,0,0,0.002,0.002,,0.040,,,,0.006,8,,WSW,2.0,,
20209010,2025/09/08,15,0,0,0.002,0.002,,0.038,,,,0.010,8,,W,0.8,,
20209010,2025/09/08,16,0,0,0.001,0.001,,0.037,,,,0.005,9,,W,1.7,,
20209010,2025/09/08,17,0,0,0.004,0.004,,0.027,,,,0.014,10,,N,1.7,,
20209010,2025/09/08,18,0,0,0.004,0.004,,0.032,,,,0.015,10,,NNW,3.5,,
20209010,2025/09/08,19,0,0,0.004,0.004,,0.027,,,,0.008,8,,NNW,2.3,,
20209010,2025/09/08,20,0,0,0.004,0.004,,0.022,,,,0.016,8,,NNW,1.6,,
20209010,2025/09/08,21,0,0,0.003,0.003,,0.019,,,,0.010,7,,NNW,1.2,,
20209010,2025/09/08,22,0,0,0.003,0.003,,0.017,,,,0.010,8,,NNW,1.1,,
20209010,2025/09/08,23,0,0,0.003,0.003,,0.016,,,,0.004,7,,NW,1.4,,
20209010,2025/09/08,24,0,0,0.003,0.003,,0.012,,,,0.010,6,,N,1.4,,
20209010,2025/09/09,01,0,0,0.003,0.003,,0.010,,,,0.008,5,,N,1.0,,
20209010,2025/09/09,02,-,0,0.003,0.003,,0.009,,,,0.011,6,,NNW,1.0,,
20209010,2025/09/09,03,0,0,0.003,0.003,,0.008,,,,0.007,5,,CALM,0.4,,
20209010,2025/09/09,04,0,0,0.004,0.004,,0.006,,,,0.014,6,,NNW,0.7,,
20209010,2025/09/09,05,0,0,0.005,0.005,,0.006,,,,0.009,7,,SSE,0.6,,
20209010,2025/09/09,06,0,0.001,0.004,0.005,,0.007,,,,0.007,6,,SSE,0.9,,
20209010,2025/09/09,07,0,0.002,0.005,0.007,,0.009,,,,0.012,5,,SE,1.0,,
20209010,2025/09/09,08,0,0.001,0.002,0.003,,0.018,,,,0.003,7,,SSE,1.5,,
20209010,2025/09/09,09,0,0.001,0.002,0.003,,0.026,,,,0.009,9,,S,1.1,,
20209010,2025/09/09,10,0.001,0.001,0.002,0.003,,0.033,,,,0.010,11,,S,2.7,,
20209010,2025/09/09,11,0,0.001,0.002,0.003,,0.042,,,,0.001,10,,S,4.6,,
20209010,2025/09/09,12,0,0.001,0.002,0.003,,0.045,,,,0.008,8,,SSE,6.6,,
20209010,2025/09/09,13,0,0,0.002,0.002,,0.045,,,,0.012,8,,SSE,6.3,,
20209010,2025/09/09,14,0,0,0.002,0.002,,0.041,,,,0.017,9,,SSE,6.9,,
20209010,2025/09/09,15,0,0,0.002,0.002,,0.043,,,,0.010,10,,SSE,6.9,,
20209010,2025/09/09,16,0,0,0.002,0.002,,0.044,,,,0.007,22,,SSE,6.1,,
20209010,2025/09/09,17,0,0,0.002,0.002,,0.045,,,,0.013,7,,S,6.2,,
20209010,2025/09/09,18,0,0,0.002,0.002,,0.040,,,,0,9,,W,1.0,,
20209010,2025/09/09,19,0,0,0.006,0.006,,0.022,,,,0.012,8,,NNE,0.7,,
20209010,2025/09/09,20,0,0,0.004,0.004,,0.018,,,,0.014,9,,NNW,1.8,,
20209010,2025/09/09,21,0,0,0.003,0.003,,0.018,,,,0.006,8,,NE,0.9,,
20209010,2025/09/09,22,0,0,0.003,0.003,,0.015,,,,0.004,10,,NE,1.0,,
20209010,2025/09/09,23,0,0,0.002,0.002,,0.017,,,,0.014,7,,NE,0.5,,
20209010,2025/09/09,24,0,0,0.003,0.003,,0.013,,,,0.016,8,,N,0.9,,
20209010,2025/09/10,01,0,0,0.002,0.002,,0.014,,,,0.007,8,,NNW,1.9,,
20209010,2025/09/10,02,0,-,-,-,,0.012,,,,0.014,6,,SE,0.7,,
20209010,2025/09/10,03,0,0,0.003,0.003,,0.011,,,,0.005,8,,NNW,1.7,,
20209010,2025/09/10,04,0,0,0.004,0.004,,0.007,,,,0.019,8,,N,1.1,,
20209010,2025/09/10,05,0,0,0.004,0.004,,0.007,,,,0.006,7,,NNW,1.8,,
20209010,2025/09/10,06,0,0,0.003,0.003,,0.009,,,,0.009,6,,N,0.8,,
20209010,2025/09/10,07,0,0.002,0.004,0.006,,0.008,,,,0.004,5,,NNW,0.8,,
20209010,2025/09/10,08,0,0.002,0.002,0.004,,0.014,,,,0.018,8,,N,0.6,,
20209010,2025/09/10,09,0,0.001,0.003,0.004,,0.028,,,,0.006,13,,S,1.8,,
20209010,2025/09/10,10,0,0,0.002,0.002,,0.038,,,,0.005,15,,SSE,3.2,,
20209010,2025/09/10,11,0.001,0,0.003,0.003,,0.051,,,,0.015,15,,SSE,5.2,,
20209010,2025/09/10,12,0.001,0,0.002,0.002,,0.044,,,,0.021,11,,SSE,6.4,,
20209010,2025/09/10,13,0,0,0.002,0.002,,0.039,,,,0.021,15,,NNW,5.2,,
20209010,2025/09/10,14,0,0.001,0.002,0.003,,0.035,,,,0.023,8,,W,1.4,,
20209010,2025/09/10,15,0,0,0.002,0.002,,0.036,,,,0.018,13,,WSW,3.5,,
20209010,2025/09/10,16,0,0,0.002,0.002,,0.033,,,,0.013,12,,SSE,7.9,,
20209010,2025/09/10,17,0,0,0.001,0.001,,0.034,,,,0.022,12,,S,6.5,,
20209010,2025/09/10,18,0,0,0.002,0.002,,0.031,,,,0.014,8,,S,6.4,,
20209010,2025/09/10,19,0,0,0.003,0.003,,0.028,,,,0.005,9,,S,4.5,,
20209010,2025/09/10,20,0,0,0.002,0.002,,0.025,,,,0.007,8,,SSW,3.7,,
20209010,2025/09/10,21,0.001,0,0.003,0.003,,0.021,,,,0.013,6,,SSW,2.8,,
20209010,2025/09/10,22,0.001,0,0.003,0.003,,0.019,,,,0,4,,SSW,2.9,,
20209010,2025/09/10,23,0.001,0,0.002,0.002,,0.017,,,,0.010,5,,NNW,1.5,,
20209010,2025/09/10,24,0,0,0.003,0.003,,0.009,,,,0.012,7,,S,2.5,,
20209010,2025/09/11,01,0,0,0.001,0.001,,0.016,,,,0.004,6,,SSE,4.0,,
20209010,2025/09/11,02,0,0,0.002,0.002,,0.015,,,,0.003,2,,SSE,2.3,,
20209010,2025/09/11,03,0,0,0.001,0.001,,0.015,,,,0.002,1,,SSE,3.2,,
20209010,2025/09/11,04,0,0,0.001,0.001,,0.012,,,,0.001,1,,SSE,2.1,,
20209010,2025/09/11,05,0,0,0.002,0.002,,0.011,,,,0,1,,SSE,3.4,,
20209010,2025/09/11,06,0,0,0.002,0.002,,0.013,,,,0,1,,SE,2.2,,
20209010,2025/09/11,07,0,0,0.002,0.002,,0.014,,,,0.005,1,,S,2.1,,
20209010,2025/09/11,08,0,0.001,0.002,0.003,,0.013,,,,0.001,2,,SSE,2.6,,
20209010,2025/09/11,09,0,0.001,0.003,0.004,,0.011,,,,0.003,1,,S,2.9,,
20209010,2025/09/11,10,0,0.001,0.003,0.004,,0.014,,,,0,1,,SSE,1.1,,
20209010,2025/09/11,11,0,0.001,0.002,0.003,,0.018,,,,0.010,2,,SSE,2.1,,
20209010,2025/09/11,12,0,0.001,0.002,0.003,,0.025,,,,0,5,,SSE,3.1,,
20209010,2025/09/11,13,0,0.001,0.002,0.003,,0.025,,,,0,3,,SSE,1.5,,
20209010,2025/09/11,14,0,0,0.002,0.002,,0.029,,,,0.006,3,,SSE,2.0,,
20209010,2025/09/11,15,0,0,0.002,0.002,,0.033,,,,0.003,4,,S,4.4,,
20209010,2025/09/11,16,0,0,0.002,0.002,,0.032,,,,0.002,3,,SSE,2.8,,
20209010,2025/09/11,17,0,0,0.002,0.002,,0.031,,,,0,5,,S,1.8,,
20209010,2025/09/11,18,0,0,0.004,0.004,,0.021,,,,0.007,6,,S,2.1,,
20209010,2025/09/11,19,0,0,0.003,0.003,,0.029,,,,0.003,2,,SSW,1.0,,
20209010,2025/09/11,20,0,0,0.003,0.003,,0.029,,,,0,3,,NW,1.4,,
20209010,2025/09/11,21,0,0,0.003,0.003,,0.017,,,,0.006,2,,NNW,0.6,,
20209010,2025/09/11,22,0,0,0.003,0.003,,0.014,,,,0,2,,NNW,1.4,,
20209010,2025/09/11,23,0,0,0.003,0.003,,0.010,,,,0.010,2,,NNW,1.0,,
20209010,2025/09/11,24,0,0,0.002,0.002,,0.011,,,,0.008,2,,N,0.6,,
20209010,2025/09/12,01,0,0,0.002,0.002,,0.009,,,,0,2,,NNW,1.5,,
20209010,2025/09/12,02,0,0,0.002,0.002,,0.007,,,,0,2,,CALM,0.4,,
20209010,2025/09/12,03,0,0,0.003,0.003,,0.010,,,,0.006,4,,NE,0.7,,
20209010,2025/09/12,04,0,0,0.003,0.003,,0.009,,,,0.006,3,,NE,0.5,,
20209010,2025/09/12,05,0,0,0.003,0.003,,0.009,,,,0.005,3,,CALM,0.4,,
20209010,2025/09/12,06,0,0,0.004,0.004,,0.007,,,,0.006,4,,CALM,0.3,,
20209010,2025/09/12,07,0,0.001,0.004,0.005,,0.007,,,,0.011,3,,CALM,0.2,,
20209010,2025/09/12,08,0,0.001,0.005,0.006,,0.009,,,,0.005,3,,SW,0.6,,
20209010,2025/09/12,09,0,0.002,0.005,0.007,,0.009,,,,0.006,3,,N,0.6,,
20209010,2025/09/12,10,0,0.004,0.008,0.012,,0.006,,,,0.001,3,,SSW,0.7,,
20209010,2025/09/12,11,0,0.002,0.006,0.008,,0.011,,,,0.005,3,,SSE,1.7,,
20209010,2025/09/12,12,0,0.002,0.004,0.006,,0.015,,,,0.007,2,,SSE,2.5,,
20209010,2025/09/12,13,0,0.001,0.003,0.004,,0.029,,,,0,0,,N,0.8,,
20209010,2025/09/12,14,0.001,0.001,0.003,0.004,,0.029,,,,0.003,4,,NNE,1.3,,
20209010,2025/09/12,15,0,0.001,0.004,0.005,,0.026,,,,0,3,,NNE,0.7,,
20209010,2025/09/12,16,0,0.001,0.004,0.005,,0.021,,,,0.002,2,,CALM,0.3,,
20209010,2025/09/12,17,0,0.001,0.003,0.004,,0.016,,,,0.007,3,,NNW,1.6,,
20209010,2025/09/12,18,0,0.001,0.003,0.004,,0.014,,,,0.005,2,,N,0.8,,
20209010,2025/09/12,19,0,0,0.003,0.003,,0.011,,,,0.004,2,,NNW,0.8,,
20209010,2025/09/12,20,0,0,0.004,0.004,,0.009,,,,0,2,,NNW,1.4,,
20209010,2025/09/12,21,0,0,0.003,0.003,,0.009,,,,0.006,2,,CALM,0.4,,
20209010,2025/09/12,22,0,0,0.003,0.003,,0.008,,,,0.006,1,,N,0.5,,
20209010,2025/09/12,23,0,0.001,0.003,0.004,,0.007,,,,0.005,2,,CALM,0.1,,
20209010,2025/09/12,24,0,0,0.003,0.003,,0.007,,,,0.002,2,,CALM,0.2,,
20209010,2025/09/13,01,0,0.001,0.003,0.004,,0.006,,,,0.003,2,,NNW,0.8,,
20209010,2025/09/13,02,0,0,0.003,0.003,,0.006,,,,0.013,4,,SSW,1.2,,
20209010,2025/09/13,03,0,0,0.004,0.004,,0.009,,,,0.007,3,,CALM,0.2,,
20209010,2025/09/13,04,0,0,0.004,0.004,,0.007,,,,0.004,2,,S,2.0,,
20209010,2025/09/13,05,0,0,0.003,0.003,,0.011,,,,0.007,2,,S,0.7,,
20209010,2025/09/13,06,0,0,0.002,0.002,,0.009,,,,0.006,3,,ESE,2.0,,
20209010,2025/09/13,07,0,0,0.001,0.001,,0.006,,,,0.005,1,,CALM,0.4,,
20209010,2025/09/13,08,0,0.001,0.002,0.003,,0.011,,,,0.010,1,,SSE,1.6,,
20209010,2025/09/13,09,0,0.001,0.003,0.004,,0.014,,,,0.004,2,,SSE,3.2,,
20209010,2025/09/13,10,0,0,0.001,0.001,,0.020,,,,0.007,2,,S,6.7,,
20209010,2025/09/13,11,0,0.001,0.001,0.002,,0.020,,,,0.003,2,,S,5.7,,
20209010,2025/09/13,12,0,0,0.001,0.001,,0.019,,,,0.005,2,,S,7.3,,
20209010,2025/09/13,13,0,0,0.001,0.001,,0.018,,,,0,1,,S,9.8,,
20209010,2025/09/13,14,0,0,0.001,0.001,,0.017,,,,0.001,1,,S,9.8,,
20209010,2025/09/13,15,0,0,0.001,0.001,,0.017,,,,0,0,,SSW,6.1,,
20209010,2025/09/13,16,0,0,0.001,0.001,,0.017,,,,0,2,,S,7.9,,
20209010,2025/09/13,17,0,0,0.001,0.001,,0.016,,,,0.006,1,,S,7.3,,
20209010,2025/09/13,18,0,0,0.001,0.001,,0.015,,,,0.005,2,,S,5.4,,
20209010,2025/09/13,19,0,0,0.001,0.001,,0.014,,,,0.001,1,,S,5.8,,
20209010,2025/09/13,20,0,0,0.001,0.001,,0.014,,,,0.003,1,,S,5.5,,
20209010,2025/09/13,21,0,0,0.001,0.001,,0.015,,,,0,0,,SSW,6.2,,
20209010,2025/09/13,22,0,0,0.001,0.001,,0.016,,,,0.005,1,,S,3.8,,
20209010,2025/09/13,23,0,0,0.001,0.001,,0.015,,,,0.002,1,,SSE,6.0,,
20209010,2025/09/13,24,0,0,0.001,0.001,,0.014,,,,0.008,1,,S,6.9,,
20209010,2025/09/14,01,0,0,0.001,0.001,,0.014,,,,0,0,,SSE,4.5,,
20209010,2025/09/14,02,0,0,0.001,0.001,,0.014,,,,0.005,1,,SSE,3.9,,
20209010,2025/09/14,03,0,0,0.001,0.001,,0.013,,,,0,1,,S,4.2,,
20209010,2025/09/14,04,0,0,0.001,0.001,,0.013,,,,0.004,1,,S,4.4,,
20209010,2025/09/14,05,0,0,0.001,0.001,,0.013,,,,0,1,,S,6.5,,
20209010,2025/09/14,06,0,0,0.001,0.001,,0.014,,,,0.005,2,,S,6.5,,
20209010,2025/09/14,07,0,0,0.001,0.001,,0.018,,,,0.005,4,,S,4.4,,
20209010,2025/09/14,08,0,0,0.001,0.001,,0.020,,,,0.007,6,,SSE,4.6,,
20209010,2025/09/14,09,0,0,0.001,0.001,,0.017,,,,0.016,6,,SSE,3.3,,
20209010,2025/09/14,10,0,0,0.001,0.001,,0.017,,,,0.009,6,,S,3.9,,
20209010,2025/09/14,11,0,0,0.002,0.002,,0.019,,,,0.013,9,,SSW,1.6,,
20209010,2025/09/14,12,0,0,0.002,0.002,,0.019,,,,0.004,7,,S,2.6,,
20209010,2025/09/14,13,0,0,0.001,0.001,,0.021,,,,0.011,6,,SSW,3.5,,
20209010,2025/09/14,14,0,0,0.001,0.001,,0.024,,,,0.014,9,,SSW,5.5,,
20209010,2025/09/14,15,0,0,0.001,0.001,,0.026,,,,0.024,12,,S,5.0,,
20209010,2025/09/14,16,0,0,0.002,0.002,,0.027,,,,0.007,7,,S,4.1,,
20209010,2025/09/14,17,0,0,0.002,0.002,,0.027,,,,0.016,8,,SSW,3.4,,
20209010,2025/09/14,18,0,0,0.002,0.002,,0.025,,,,0.012,7,,WSW,1.5,,
20209010,2025/09/14,19,0,0,0.003,0.003,,0.022,,,,0.014,8,,N,0.5,,
20209010,2025/09/14,20,0,0,0.003,0.003,,0.011,,,,0.014,9,,N,1.1,,
20209010,2025/09/14,21,0,0.001,0.002,0.003,,0.005,,,,0.014,6,,NNW,1.2,,
20209010,2025/09/14,22,0,0.001,0.002,0.003,,0.004,,,,0.002,8,,NNW,1.3,,
20209010,2025/09/14,23,0,0,0.002,0.002,,0.004,,,,0.022,7,,NNW,1.4,,
20209010,2025/09/14,24,0,0,0.002,0.002,,0.004,,,,0.023,7,,SE,1.2,,
20209010,2025/09/15,01,0,0,0.002,0.002,,0.005,,,,0.012,7,,NNW,1.9,,
20209010,2025/09/15,02,0,0,0.002,0.002,,0.004,,,,0.018,6,,CALM,0.4,,
20209010,2025/09/15,03,0,0.001,0.002,0.003,,0.005,,,,0.017,7,,SW,0.5,,
20209010,2025/09/15,04,0,0,0.002,0.002,,0.003,,,,0.009,6,,CALM,0.3,,
20209010,2025/09/15,05,0,0,0.002,0.002,,0.003,,,,0.012,5,,NW,1.5,,
20209010,2025/09/15,06,0,0.001,0.002,0.003,,0.003,,,,0.007,6,,CALM,0.4,,
20209010,2025/09/15,07,0,0.001,0.002,0.003,,0.003,,,,0.015,8,,SSE,0.8,,
20209010,2025/09/15,08,0,0.002,0.001,0.003,,0.005,,,,0.018,3,,SW,0.6,,
20209010,2025/09/15,09,0,0.001,0.001,0.002,,0.012,,,,0.006,7,,SSW,1.5,,
20209010,2025/09/15,10,0,0.001,0.001,0.002,,0.018,,,,0.009,6,,SE,3.4,,
20209010,2025/09/15,11,0,0.001,0.001,0.002,,0.025,,,,0.007,6,,SE,1.7,,
20209010,2025/09/15,12,0,0,0.001,0.001,,0.030,,,,0.009,9,,SE,2.2,,
20209010,2025/09/15,13,0,0,0.001,0.001,,0.032,,,,0.004,5,,S,3.8,,
20209010,2025/09/15,14,0,0,0.001,0.001,,0.033,,,,0.009,4,,SSE,5.4,,
20209010,2025/09/15,15,0,0,0.001,0.001,,0.031,,,,0.014,6,,S,3.6,,
20209010,2025/09/15,16,0,0,0.002,0.002,,0.034,,,,0.013,4,,S,3.9,,
20209010,2025/09/15,17,0,0,0.001,0.001,,0.026,,,,0.001,4,,NW,2.9,,
20209010,2025/09/15,18,0,0,0.002,0.002,,0.017,,,,0.005,4,,NNW,2.0,,
20209010,2025/09/15,19,0,0,0.002,0.002,,0.016,,,,0.008,5,,NNW,1.2,,
20209010,2025/09/15,20,0,0,0.003,0.003,,0.015,,,,0.009,4,,NNW,2.3,,
20209010,2025/09/15,21,0,0,0.003,0.003,,0.011,,,,0.007,4,,NNW,1.7,,
20209010,2025/09/15,22,0,0,0.002,0.002,,0.008,,,,0.012,6,,CALM,0.4,,
20209010,2025/09/15,23,0,0,0.003,0.003,,0.006,,,,0.006,4,,CALM,0.1,,
20209010,2025/09/15,24,0,0,0.002,0.002,,0.005,,,,0.009,6,,N,1.2,,
20209010,2025/09/16,01,0,0,0.002,0.002,,0.005,,,,0.002,5,,NNW,1.6,,
20209010,2025/09/16,02,0,0,0.002,0.002,,-,,,,0.007,4,,N,1.2,,
20209010,2025/09/16,03,0,0,0.001,0.001,,0.005,,,,0.012,5,,NNW,0.8,,
20209010,2025/09/16,04,0,0,0.002,0.002,,0.005,,,,0.011,5,,NNW,1.5,,
20209010,2025/09/16,05,0,0,0.002,0.002,,0.005,,,,0,4,,NNW,1.0,,
20209010,2025/09/16,06,0,0,0.002,0.002,,0.004,,,,0.006,5,,N,1.1,,
20209010,2025/09/16,07,0,0.001,0.002,0.003,,0.004,,,,0.014,5,,NNW,0.7,,
20209010,2025/09/16,08,0,0.002,0.002,0.004,,0.006,,,,0.011,4,,CALM,0.4,,
20209010,2025/09/16,09,0,0.001,0.002,0.003,,0.012,,,,0.007,7,,SSE,2.2,,
20209010,2025/09/16,10,0,0.001,0.003,0.004,,0.025,,,,0.015,11,,SSW,1.2,,
20209010,2025/09/16,11,0,0.001,0.002,0.003,,0.031,,,,0.009,12,,SSE,1.6,,
20209010,2025/09/16,12,0,0.001,0.002,0.003,,0.036,,,,0.007,9,,S,3.7,,
20209010,2025/09/16,13,0,0,0.002,0.002,,0.038,,,,0.009,8,,S,3.5,,
20209010,2025/09/16,14,0,0,0.002,0.002,,0.041,,,,0.007,8,,S,4.8,,
20209010,2025/09/16,15,0,0,0.002,0.002,,0.043,,,,0.015,7,,S,5.5,,
20209010,2025/09/16,16,0,0,0.002,0.002,,0.038,,,,0.017,8,,SSE,6.3,,
20209010,2025/09/16,17,0.001,0,0.002,0.002,,0.033,,,,0.004,10,,SSW,2.6,,
20209010,2025/09/16,18,0.001,0,0.002,0.002,,0.031,,,,0.003,9,,WNW,1.7,,
20209010,2025/09/16,19,0.001,0,0.003,0.003,,0.033,,,,0.013,10,,SSW,1.6,,
20209010,2025/09/16,20,0.001,0,0.003,0.003,,0.030,,,,0.014,10,,NNW,1.6,,
20209010,2025/09/16,21,0,0,0.003,0.003,,0.020,,,,0.006,7,,NNW,1.8,,
20209010,2025/09/16,22,0,0,0.002,0.002,,0.021,,,,0.005,7,,N,0.7,,
20209010,2025/09/16,23,0,0,0.003,0.003,,0.017,,,,0.013,8,,N,0.5,,
20209010,2025/09/16,24,0,0,0.003,0.003,,0.018,,,,0.017,8,,ESE,1.2,,
20209010,2025/09/17,01,0,0,0.002,0.002,,0.017,,,,0.014,9,,NNW,1.4,,
20209010,2025/09/17,02,-,0,0.003,0.003,,0.019,,,,0.013,10,,SE,1.5,,
20209010,2025/09/17,03,0,0,0.002,0.002,,0.021,,,,0.018,10,,SE,1.1,,
20209010,2025/09/17,04,0,0,0.003,0.003,,0.017,,,,0.009,9,,NNW,1.0,,
20209010,2025/09/17,05,0,0,0.003,0.003,,0.014,,,,0.021,9,,SE,1.2,,
20209010,2025/09/17,06,0,0,0.003,0.003,,0.015,,,,0.019,10,,WNW,1.0,,
20209010,2025/09/17,07,0,0,0.003,0.003,,0.016,,,,0.010,11,,SSE,0.8,,
20209010,2025/09/17,08,0,0.001,0.003,0.004,,0.026,,,,0.017,11,,S,2.2,,
20209010,2025/09/17,09,0,0.001,0.002,0.003,,0.031,,,,0.013,12,,S,2.1,,
20209010,2025/09/17,10,0,0,0.002,0.002,,0.034,,,,0.008,11,,S,4.8,,
20209010,2025/09/17,11,0.001,0,0.002,0.002,,0.033,,,,0.020,12,,S,3.5,,
20209010,2025/09/17,12,0,0.001,0.002,0.003,,0.033,,,,0.017,14,,S,3.7,,
20209010,2025/09/17,13,0,0.001,0.002,0.003,,0.032,,,,0.017,12,,S,5.2,,
20209010,2025/09/17,14,0,0.001,0.002,0.003,,0.034,,,,0.010,10,,S,4.1,,
20209010,2025/09/17,15,0.001,0,0.003,0.003,,0.031,,,,0.015,10,,SSW,3.7,,
20209010,2025/09/17,16,0.001,0.001,0.003,0.004,,0.031,,,,0,9,,S,4.2,,
20209010,2025/09/17,17,0.002,0.001,0.004,0.005,,0.029,,,,0.017,11,,SW,3.2,,
20209010,2025/09/17,18,0.001,0,0.003,0.003,,0.027,,,,0.021,11,,WSW,1.4,,
20209010,2025/09/17,19,0.001,0,0.005,0.005,,0.019,,,,0.009,10,,S,0.9,,
20209010,2025/09/17,20,0.001,0,0.005,0.005,,0.017,,,,0.008,11,,N,0.9,,
20209010,2025/09/17,21,0,0,0.005,0.005,,0.010,,,,0.006,8,,N,1.7,,
20209010,2025/09/17,22,-,0,0.003,0.003,,0.011,,,,0.011,-,,NW,0.8,,
20209010,2025/09/17,23,0,0,0.003,0.003,,0.011,,,,0.011,10,,S,1.0,,
20209010,2025/09/17,24,0,0,0.003,0.003,,0.013,,,,0.021,11,,NW,0.9,,
20209010,2025/09/18,01,0,0,0.004,0.004,,0.013,,,,0.016,10,,ENE,0.7,,
20209010,2025/09/18,02,0,-,-,-,,0.015,,,,0.010,9,,W,0.6,,
20209010,2025/09/18,03,0,0,0.003,0.003,,0.021,,,,0.009,11,,S,2.1,,
20209010,2025/09/18,04,0,0,0.002,0.002,,0.024,,,,0.015,13,,SSE,3.5,,
20209010,2025/09/18,05,0,0,0.004,0.004,,0.017,,,,0.018,12,,S,5.2,,
20209010,2025/09/18,06,0,0,0.002,0.002,,0.019,,,,0.021,13,,SSE,2.8,,
20209010,2025/09/18,07,0,0,0.003,0.003,,0.016,,,,0.023,14,,S,1.7,,
20209010,2025/09/18,08,0,0.001,0.004,0.005,,0.015,,,,0.029,13,,SSE,2.1,,
20209010,2025/09/18,09,0.001,0.001,0.003,0.004,,0.021,,,,0.027,15,,S,3.0,,
20209010,2025/09/18,10,0.001,0.001,0.002,0.003,,0.027,,,,0.025,16,,S,4.7,,
20209010,2025/09/18,11,0,0.001,0.002,0.003,,0.029,,,,0.008,13,,S,5.3,,
20209010,2025/09/18,12,0.001,0.001,0.003,0.004,,0.033,,,,0.009,12,,S,6.7,,
20209010,2025/09/18,13,0,0,0.002,0.002,,0.032,,,,0.013,11,,SW,1.4,,
20209010,2025/09/18,14,0,0,0.003,0.003,,0.029,,,,0.008,8,,N,0.6,,
20209010,2025/09/18,15,0,0.001,0.002,0.003,,0.033,,,,0.001,5,,WSW,1.4,,
20209010,2025/09/18,16,0,0,0.002,0.002,,0.039,,,,0.017,10,,S,3.6,,
20209010,2025/09/18,17,0,0,0.003,0.003,,0.041,,,,0.009,5,,S,0.7,,
20209010,2025/09/18,18,0,0,0.003,0.003,,0.030,,,,0.010,4,,N,3.5,,
20209010,2025/09/18,19,0,0,0.003,0.003,,0.027,,,,0.004,3,,NNW,2.7,,
20209010,2025/09/18,20,0,0,0.002,0.002,,0.026,,,,0.006,3,,N,2.5,,
20209010,2025/09/18,21,0,0,0.002,0.002,,0.031,,,,0.003,2,,N,2.0,,
20209010,2025/09/18,22,0,0,0.001,0.001,,0.033,,,,0.010,1,,N,1.6,,
20209010,2025/09/18,23,0,0,0.001,0.001,,0.035,,,,0.002,0,,NE,2.3,,
20209010,2025/09/18,24,0,0,0.001,0.001,,0.035,,,,0,2,,N,1.5,,
20209010,2025/09/19,01,0,0,0.001,0.001,,0.034,,,,0,0,,NNE,2.3,,
20209010,2025/09/19,02,0,0,0.001,0.001,,0.034,,,,0,1,,NE,2.0,,
20209010,2025/09/19,03,0,0,0.002,0.002,,0.033,,,,0.007,0,,NNE,1.5,,
20209010,2025/09/19,04,0,0,0.001,0.001,,0.034,,,,0.002,1,,NNE,1.7,,
20209010,2025/09/19,05,0,0,0.001,0.001,,0.034,,,,0.001,1,,N,1.6,,
20209010,2025/09/19,06,0,0,0.001,0.001,,0.034,,,,0,2,,N,1.5,,
20209010,2025/09/19,07,0,0,0.001,0.001,,0.033,,,,0,1,,N,1.5,,
20209010,2025/09/19,08,0,0,0.001,0.001,,0.033,,,,0.003,2,,N,2.7,,
20209010,2025/09/19,09,0,0.001,0.002,0.003,,0.032,,,,0.006,1,,NE,2.0,,
20209010,2025/09/19,10,0,0.001,0.002,0.003,,0.033,,,,0,1,,NNE,2.3,,
20209010,2025/09/19,11,0,0,0.002,0.002,,0.034,,,,0,2,,NE,1.9,,
20209010,2025/09/19,12,0,0.001,0.002,0.003,,0.033,,,,0.009,3,,N,1.8,,
20209010,2025/09/19,13,0,0.001,0.002,0.003,,0.034,,,,0,4,,NE,1.6,,
20209010,2025/09/19,14,0,0.001,0.002,0.003,,0.034,,,,0,4,,NE,1.9,,
20209010,2025/09/19,15,0,0,0.002,0.002,,0.034,,,,0.014,2,,NNE,1.9,,
20209010,2025/09/19,16,0,0.001,0.002,0.003,,0.031,,,,0.004,2,,NNE,1.8,,
20209010,2025/09/19,17,0,0.001,0.003,0.004,,0.030,,,,0.013,4,,NNE,1.8,,
20209010,2025/09/19,18,0,0,0.003,0.003,,0.028,,,,0.003,4,,N,2.1,,
20209010,2025/09/19,19,0,0,0.003,0.003,,0.025,,,,0.004,3,,N,2.2,,
20209010,2025/09/19,20,0,0,0.003,0.003,,0.025,,,,0,2,,N,1.7,,
20209010,2025/09/19,21,0,0,0.003,0.003,,0.028,,,,0.003,3,,N,2.2,,
20209010,2025/09/19,22,0,0,0.004,0.004,,0.025,,,,0.001,3,,NNE,0.8,,
20209010,2025/09/19,23,0,0,0.004,0.004,,0.023,,,,0.007,4,,N,0.9,,
20209010,2025/09/19,24,0,0,0.004,0.004,,0.021,,,,0.001,3,,NE,0.8,,
20209010,2025/09/20,01,0,0,0.004,0.004,,0.020,,,,0,3,,NW,1.7,,
20209010,2025/09/20,02,0,0,0.004,0.004,,0.016,,,,0.007,4,,NW,1.5,,
20209010,2025/09/20,03,0,0,0.004,0.004,,0.016,,,,0.009,3,,NNW,1.2,,
20209010,2025/09/20,04,0,0,0.004,0.004,,0.015,,,,0.006,2,,N,1.0,,
20209010,2025/09/20,05,0,0,0.004,0.004,,0.015,,,,0.003,3,,NNW,0.8,,
20209010,2025/09/20,06,0,0,0.004,0.004,,0.015,,,,0.001,4,,CALM,0.3,,
20209010,2025/09/20,07,0,0,0.004,0.004,,0.017,,,,0.013,5,,NNE,0.7,,
20209010,2025/09/20,08,0,0.001,0.004,0.005,,0.018,,,,0.011,4,,NNW,0.9,,
20209010,2025/09/20,09,0,0.005,0.007,0.012,,0.019,,,,0.008,8,,NE,0.7,,
20209010,2025/09/20,10,0,0.001,0.004,0.005,,0.024,,,,0.015,8,,W,0.8,,
20209010,2025/09/20,11,0,0.001,0.003,0.004,,0.026,,,,0.008,7,,SSW,1.9,,
20209010,2025/09/20,12,0,0,0.002,0.002,,0.030,,,,0.012,4,,SSW,1.8,,
20209010,2025/09/20,13,0,0.001,0.002,0.003,,0.028,,,,0.008,3,,S,2.2,,
20209010,2025/09/20,14,0,0,0.002,0.002,,0.027,,,,0.006,3,,NNW,1.0,,
20209010,2025/09/20,15,0,0,0.002,0.002,,0.028,,,,0.004,1,,SSE,5.6,,
20209010,2025/09/20,16,0,0.001,0.002,0.003,,0.032,,,,0.001,2,,S,5.3,,
20209010,2025/09/20,17,0,0,0.002,0.002,,0.033,,,,0.004,3,,S,6.8,,
20209010,2025/09/20,18,0,0,0.001,0.001,,0.033,,,,0.005,2,,S,7.4,,
20209010,2025/09/20,19,0,0,0.001,0.001,,0.034,,,,0,3,,S,7.3,,
20209010,2025/09/20,20,0,0,0.001,0.001,,0.033,,,,0.003,3,,S,5.8,,
20209010,2025/09/20,21,0,0,0.001,0.001,,0.032,,,,0.002,5,,S,7.5,,
20209010,2025/09/20,22,0,0,0.001,0.001,,0.031,,,,0.020,6,,S,6.6,,
20209010,2025/09/20,23,0,0,0.001,0.001,,0.029,,,,0.014,6,,S,6.3,,
20209010,2025/09/20,24,0,0,0.001,0.001,,0.028,,,,0.009,7,,S,8.2,,
20209010,2025/09/21,01,0,0,0.001,0.001,,0.026,,,,0.022,9,,S,7.7,,
20209010,2025/09/21,02,0,0,0.001,0.001,,0.024,,,,0.018,9,,S,6.1,,
20209010,2025/09/21,03,0,0,0.001,0.001,,0.024,,,,0.016,10,,S,2.9,,
20209010,2025/09/21,04,0,0,0.001,0.001,,0.029,,,,0.001,4,,S,5.3,,
20209010,2025/09/21,05,0,0,0.001,0.001,,0.033,,,,0,1,,S,3.5,,
20209010,2025/09/21,06,0,0,0.001,0.001,,0.032,,,,0.002,1,,WSW,2.8,,
20209010,2025/09/21,07,0,0,0.001,0.001,,0.031,,,,0.003,1,,WNW,2.2,,
20209010,2025/09/21,08,0,0,0.001,0.001,,0.032,,,,0.004,1,,S,2.5,,
20209010,2025/09/21,09,0,0,0.001,0.001,,0.033,,,,0.004,5,,NE,1.7,,
20209010,2025/09/21,10,0,0,0.001,0.001,,0.035,,,,0,3,,NE,2.3,,
20209010,2025/09/21,11,0,0,0.001,0.001,,0.038,,,,0.006,4,,ENE,2.0,,
20209010,2025/09/21,12,0,0,0.001,0.001,,0.038,,,,0,5,,NE,3.5,,
20209010,2025/09/21,13,0,0,0.001,0.001,,0.038,,,,0.004,2,,NNE,3.3,,
20209010,2025/09/21,14,0,0,0.001,0.001,,0.037,,,,0,-1,,NE,3.4,,
20209010,2025/09/21,15,0,0,0.001,0.001,,0.037,,,,0,2,,NNE,3.4,,
20209010,2025/09/21,16,0,0,0.001,0.001,,0.037,,,,0.010,2,,NE,3.6,,
20209010,2025/09/21,17,0,0,0.001,0.001,,0.036,,,,0,1,,NE,3.8,,
20209010,2025/09/21,18,0,0,0.003,0.003,,0.034,,,,0.008,4,,NE,3.2,,
20209010,2025/09/21,19,0,0,0.002,0.002,,0.036,,,,0.010,2,,NE,3.6,,
20209010,2025/09/21,20,0,0,0.002,0.002,,0.036,,,,0,1,,NE,3.1,,
20209010,2025/09/21,21,0,0.001,0.006,0.007,,0.034,,,,0.003,1,,NE,1.9,,
20209010,2025/09/21,22,0,0.001,0.006,0.007,,0.034,,,,0,2,,NNE,1.1,,
20209010,2025/09/21,23,0,0,0.004,0.004,,0.032,,,,0.007,3,,N,0.8,,
20209010,2025/09/21,24,0,0,0.001,0.001,,0.030,,,,0,3,,NW,1.1,,
20209010,2025/09/22,01,0,0,0.001,0.001,,0.029,,,,0,3,,N,1.3,,
20209010,2025/09/22,02,0,0,0.002,0.002,,0.028,,,,0.002,3,,NE,0.6,,
20209010,2025/09/22,03,0,0,0.002,0.002,,0.020,,,,0.004,3,,NNW,1.0,,
20209010,2025/09/22,04,0,0,0.002,0.002,,0.012,,,,0.002,3,,NNW,1.3,,
20209010,2025/09/22,05,0,0,0.003,0.003,,0.010,,,,0.006,2,,N,0.7,,
20209010,2025/09/22,06,0,0,0.003,0.003,,0.007,,,,0.008,2,,NNW,0.7,,
20209010,2025/09/22,07,0,0.001,0.002,0.003,,0.013,,,,0.004,1,,CALM,0.3,,
20209010,2025/09/22,08,0,0.001,0.003,0.004,,0.024,,,,0.005,1,,ENE,1.8,,
20209010,2025/09/22,09,0.001,0.002,0.004,0.006,,0.031,,,,0,4,,ENE,2.1,,
20209010,2025/09/22,10,0,0.001,0.002,0.003,,0.036,,,,0.001,4,,NNE,2.7,,
20209010,2025/09/22,11,0,0.001,0.001,0.002,,0.037,,,,0.001,4,,NE,2.4,,
20209010,2025/09/22,12,0,0.001,0.002,0.003,,0.038,,,,0.006,6,,NE,2.1,,
20209010,2025/09/22,13,0,0,0.002,0.002,,0.039,,,,0,5,,NE,2.1,,
20209010,2025/09/22,14,0,0,0.002,0.002,,0.040,,,,0.014,1,,NNE,1.9,,
20209010,2025/09/22,15,0,0,0.002,0.002,,0.041,,,,0.011,4,,NNE,1.5,,
20209010,2025/09/22,16,0,0,0.002,0.002,,0.040,,,,0.002,2,,NNE,1.3,,
20209010,2025/09/22,17,0,0,0.002,0.002,,0.038,,,,0.005,5,,NNW,2.1,,
20209010,2025/09/22,18,0,0,0.003,0.003,,0.026,,,,0.007,3,,NNW,2.4,,
20209010,2025/09/22,19,0,0,0.003,0.003,,0.023,,,,0.005,3,,NNE,0.9,,
20209010,2025/09/22,20,0,0,0.004,0.004,,0.020,,,,0,4,,NNW,1.2,,
20209010,2025/09/22,21,0,0,0.005,0.005,,0.018,,,,0.003,4,,NNE,0.7,,
20209010,2025/09/22,22,0,0,0.004,0.004,,0.014,,,,0.009,5,,NNW,1.0,,
20209010,2025/09/22,23,0,0,0.004,0.004,,0.015,,,,0.019,5,,NNW,1.7,,
20209010,2025/09/22,24,0,0,0.003,0.003,,0.012,,,,0.011,5,,NNW,2.0,,
20209010,2025/09/23,01,0,0,0.003,0.003,,0.011,,,,0.005,4,,CALM,0.2,,
20209010,2025/09/23,02,0,0,0.003,0.003,,0.011,,,,0.009,5,,NNW,2.3,,
20209010,2025/09/23,03,0,0,0.004,0.004,,0.010,,,,0,4,,N,1.4,,
20209010,2025/09/23,04,0,0,0.004,0.004,,0.012,,,,0.011,5,,NNW,1.4,,
20209010,2025/09/23,05,0,0,0.003,0.003,,0.012,,,,0.004,5,,NE,0.5,,
20209010,2025/09/23,06,0,0,0.004,0.004,,0.016,,,,0.014,6,,NE,0.7,,
20209010,2025/09/23,07,0,0,0.004,0.004,,0.014,,,,0.002,5,,N,1.5,,
20209010,2025/09/23,08,0,0.001,0.004,0.005,,0.021,,,,0.006,7,,N,0.9,,
20209010,2025/09/23,09,0,0.001,0.003,0.004,,0.026,,,,0.006,7,,NNW,1.9,,
20209010,2025/09/23,10,0,0.001,0.002,0.003,,0.035,,,,0.015,8,,NNW,1.4,,
20209010,2025/09/23,11,0,0,0.002,0.002,,0.041,,,,0.005,9,,N,0.8,,
20209010,2025/09/23,12,0,0,0.002,0.002,,0.044,,,,0.004,8,,SE,3.0,,
20209010,2025/09/23,13,0.001,0,0.002,0.002,,0.046,,,,0.012,6,,SSW,2.2,,
20209010,2025/09/23,14,0,0,0.002,0.002,,0.048,,,,0.012,7,,SW,1.4,,
20209010,2025/09/23,15,0,0,0.002,0.002,,0.048,,,,0.008,8,,SSE,2.3,,
20209010,2025/09/23,16,0,0,0.002,0.002,,0.044,,,,0.010,8,,SSE,3.4,,
20209010,2025/09/23,17,0,0,0.002,0.002,,0.039,,,,0.008,8,,S,1.7,,
20209010,2025/09/23,18,0,0,0.003,0.003,,0.035,,,,0.014,9,,NE,1.3,,
20209010,2025/09/23,19,0,0,0.003,0.003,,0.032,,,,0.012,10,,NW,1.4,,
20209010,2025/09/23,20,0,0,0.003,0.003,,0.029,,,,0.015,8,,SSE,1.5,,
20209010,2025/09/23,21,0,0,0.002,0.002,,0.034,,,,0.012,10,,ESE,1.0,,
20209010,2025/09/23,22,0,0,0.003,0.003,,0.028,,,,0.021,10,,S,1.9,,
20209010,2025/09/23,23,0,0,0.005,0.005,,0.021,,,,0.019,8,,CALM,0.4,,
20209010,2025/09/23,24,0,0,0.004,0.004,,0.022,,,,0.013,8,,N,0.8,,
20209010,2025/09/24,01,0,0,0.003,0.003,,0.026,,,,0.007,7,,NNW,1.4,,
20209010,2025/09/24,02,0,0,0.003,0.003,,-,,,,0.007,7,,NNE,1.1,,
20209010,2025/09/24,03,0,0,0.003,0.003,,0.024,,,,0.012,7,,N,1.6,,
20209010,2025/09/24,04,0,0,0.003,0.003,,0.027,,,,0.003,5,,NE,0.5,,
20209010,2025/09/24,05,0,0,0.003,0.003,,0.026,,,,0.006,5,,NE,0.7,,
20209010,2025/09/24,06,0,0,0.003,0.003,,0.024,,,,0.005,6,,CALM,0.4,,
20209010,2025/09/24,07,0,0,0.004,0.004,,0.023,,,,0,5,,NE,0.7,,
20209010,2025/09/24,08,0,0.003,0.008,0.011,,0.022,,,,0.007,6,,SE,1.3,,
20209010,2025/09/24,09,0,0.002,0.007,0.009,,0.028,,,,0.005,8,,SW,1.4,,
20209010,2025/09/24,10,0,0.001,0.004,0.005,,0.040,,,,0.011,10,,SE,2.2,,
20209010,2025/09/24,11,0,0,0.003,0.003,,0.043,,,,0.013,11,,SSE,3.8,,
20209010,2025/09/24,12,0.001,0.001,0.003,0.004,,0.045,,,,0.012,11,,S,5.0,,
20209010,2025/09/24,13,0.001,0,0.002,0.002,,0.045,,,,0.008,11,,S,4.3,,
20209010,2025/09/24,14,0,0,0.002,0.002,,0.045,,,,0.018,9,,S,5.1,,
20209010,2025/09/24,15,0,0,0.002,0.002,,0.042,,,,0.013,9,,SSE,7.1,,
20209010,2025/09/24,16,0,0,0.002,0.002,,0.040,,,,0.007,9,,SSE,6.7,,
20209010,2025/09/24,17,0,0,0.003,0.003,,0.040,,,,0.010,12,,S,6.1,,
20209010,2025/09/24,18,0,0,0.003,0.003,,0.039,,,,0.022,12,,S,5.3,,
20209010,2025/09/24,19,0,0,0.003,0.003,,0.038,,,,0.005,11,,SSE,3.1,,
20209010,2025/09/24,20,0,0,0.003,0.003,,0.038,,,,0.015,10,,S,3.1,,
20209010,2025/09/24,21,0,0,0.003,0.003,,0.034,,,,0.002,9,,S,1.9,,
20209010,2025/09/24,22,0,0,0.004,0.004,,0.033,,,,0.005,10,,S,2.3,,
20209010,2025/09/24,23,0,0,0.004,0.004,,0.031,,,,0.015,7,,SSE,3.3,,
20209010,2025/09/24,24,0,0,0.003,0.003,,0.030,,,,0.014,5,,SSE,2.1,,
20209010,2025/09/25,01,0,0,0.003,0.003,,0.029,,,,0.007,5,,SSE,2.8,,
20209010,2025/09/25,02,-,0,0.002,0.002,,0.030,,,,0.011,5,,S,2.4,,
20209010,2025/09/25,03,0,0,0.003,0.003,,0.027,,,,0.007,4,,SSE,2.6,,
20209010,2025/09/25,04,0,0,0.003,0.003,,0.026,,,,0.008,5,,SSE,2.2,,
20209010,2025/09/25,05,0,0,0.003,0.003,,0.027,,,,0.015,5,,SSE,2.1,,
20209010,2025/09/25,06,0,0,0.003,0.003,,0.026,,,,0.011,5,,S,1.7,,
20209010,2025/09/25,07,0,0,0.003,0.003,,0.024,,,,0.006,4,,SSE,2.1,,
20209010,2025/09/25,08,0,0.001,0.003,0.004,,0.029,,,,0.003,6,,SE,4.0,,
20209010,2025/09/25,09,0,0,0.002,0.002,,0.035,,,,0.004,5,,SSE,5.7,,
20209010,2025/09/25,10,0,0.001,0.002,0.003,,0.037,,,,0.007,6,,SE,3.7,,
20209010,2025/09/25,11,0,0.001,0.002,0.003,,0.035,,,,0.006,7,,S,5.0,,
20209010,2025/09/25,12,0,0.001,0.003,0.004,,0.035,,,,0.005,7,,S,3.7,,
20209010,2025/09/25,13,0,0.001,0.002,0.003,,0.034,,,,0.014,9,,S,3.5,,
20209010,2025/09/25,14,0,0,0.003,0.003,,0.033,,,,0.007,7,,SSE,3.0,,
20209010,2025/09/25,15,0,0,0.004,0.004,,0.032,,,,0.013,7,,SSE,2.3,,
20209010,2025/09/25,16,0,0.001,0.004,0.005,,0.028,,,,0.007,7,,SE,2.2,,
20209010,2025/09/25,17,0,0,0.004,0.004,,0.024,,,,0.015,6,,S,2.1,,
20209010,2025/09/25,18,0,0.001,0.004,0.005,,0.023,,,,0.012,5,,SSW,1.3,,
20209010,2025/09/25,19,0,0,0.006,0.006,,0.021,,,,0.013,5,,SSE,1.3,,
20209010,2025/09/25,20,0,0.001,0.007,0.008,,0.012,,,,0.018,5,,CALM,0.2,,
20209010,2025/09/25,21,0,0.001,0.007,0.008,,0.006,,,,0.017,6,,ENE,0.6,,
20209010,2025/09/25,22,0,0.001,0.007,0.008,,0.006,,,,0.004,5,,NNW,1.9,,
20209010,2025/09/25,23,0,0.001,0.007,0.008,,0.004,,,,0.008,5,,NNW,1.2,,
20209010,2025/09/25,24,0,0.001,0.006,0.007,,0.002,,,,0.007,4,,N,0.8,,
20209010,2025/09/26,01,0,0.001,0.007,0.008,,0.001,,,,0.013,5,,N,1.3,,
20209010,2025/09/26,02,0,-,-,-,,0.001,,,,0.002,5,,NE,0.5,,
20209010,2025/09/26,03,0,0.001,0.006,0.007,,0.001,,,,0.005,4,,N,0.5,,
20209010,2025/09/26,04,0,0.003,0.006,0.009,,0.001,,,,0.009,4,,NNW,1.1,,
20209010,2025/09/26,05,0,0.003,0.006,0.009,,0.001,,,,0.006,4,,CALM,0.2,,
20209010,2025/09/26,06,0,0.004,0.005,0.009,,0.001,,,,0.009,4,,CALM,0.3,,
20209010,2025/09/26,07,0,0.006,0.004,0.010,,0.002,,,,0.002,3,,NE,0.5,,
20209010,2025/09/26,08,0,0.004,0.003,0.007,,0.008,,,,0.002,3,,NNW,1.6,,
20209010,2025/09/26,09,0,0.002,0.003,0.005,,0.014,,,,0,6,,ESE,0.8,,
20209010,2025/09/26,10,0,0.001,0.003,0.004,,0.020,,,,0.011,7,,SE,1.5,,
20209010,2025/09/26,11,0,0.001,0.003,0.004,,0.025,,,,0.001,7,,ESE,2.1,,
20209010,2025/09/26,12,0,0.001,0.004,0.005,,0.030,,,,0.005,7,,ESE,1.6,,
20209010,2025/09/26,13,0,0.001,0.002,0.003,,0.035,,,,0,3,,SSE,3.2,,
20209010,2025/09/26,14,0,0,0.002,0.002,,0.039,,,,0.003,5,,S,4.9,,
20209010,2025/09/26,15,0,0,0.002,0.002,,0.035,,,,0.010,4,,S,3.4,,
20209010,2025/09/26,16,0,0,0.001,0.001,,0.036,,,,0.012,2,,NW,4.0,,
20209010,2025/09/26,17,0,0,0.002,0.002,,0.034,,,,0.003,4,,NW,3.1,,
20209010,2025/09/26,18,0,0,0.003,0.003,,0.031,,,,0.007,6,,N,1.9,,
20209010,2025/09/26,19,0,0,0.003,0.003,,0.027,,,,0.008,6,,N,2.0,,
20209010,2025/09/26,20,0,0,0.002,0.002,,0.030,,,,0,3,,NNE,1.7,,
20209010,2025/09/26,21,0,0,0.002,0.002,,0.029,,,,0.012,3,,NNW,2.2,,
20209010,2025/09/26,22,0,0,0.003,0.003,,0.024,,,,0.007,4,,NNW,1.7,,
20209010,2025/09/26,23,0,0,0.003,0.003,,0.022,,,,0.010,3,,NNW,2.1,,
20209010,2025/09/26,24,0,0,0.002,0.002,,0.029,,,,0.002,5,,NNW,1.9,,
20209010,2025/09/27,01,0,0,0.002,0.002,,0.019,,,,0.003,5,,NNW,1.7,,
20209010,2025/09/27,02,0,0,0.001,0.001,,0.030,,,,0.007,5,,NNW,1.3,,
20209010,2025/09/27,03,0,0,0.002,0.002,,0.027,,,,0.001,6,,NNW,1.9,,
20209010,2025/09/27,04,0,0,0.002,0.002,,0.019,,,,0.014,4,,NNW,2.0,,
20209010,2025/09/27,05,0,0,0.002,0.002,,0.014,,,,0,4,,N,1.8,,
20209010,2025/09/27,06,0,0,0.002,0.002,,0.012,,,,0,4,,NNW,2.1,,
20209010,2025/09/27,07,0,0.001,0.002,0.003,,0.016,,,,0.015,3,,NNW,1.1,,
20209010,2025/09/27,08,0,0.001,0.003,0.004,,0.036,,,,0.004,4,,NNE,1.9,,
20209010,2025/09/27,09,0,0.001,0.004,0.005,,0.041,,,,0.010,6,,NE,2.4,,
20209010,2025/09/27,10,0,0.001,0.003,0.004,,0.043,,,,0.001,6,,NE,2.3,,
20209010,2025/09/27,11,0,0.001,0.003,0.004,,0.045,,,,0.003,7,,NE,1.9,,
20209010,2025/09/27,12,0,0,0.001,0.001,,0.046,,,,0.001,9,,NW,1.7,,
20209010,2025/09/27,13,0,0,0.001,0.001,,0.047,,,,0.001,5,,SE,2.4,,
20209010,2025/09/27,14,0,0,0.001,0.001,,0.047,,,,0.010,6,,S,3.1,,
20209010,2025/09/27,15,0,0,0.001,0.001,,0.047,,,,0.004,7,,SSW,3.1,,
20209010,2025/09/27,16,0,0,0.002,0.002,,0.045,,,,0.010,8,,S,2.2,,
20209010,2025/09/27,17,0,0,0.002,0.002,,0.036,,,,0,6,,NNW,3.0,,
20209010,2025/09/27,18,0,0,0.002,0.002,,0.031,,,,0.012,9,,NNE,1.2,,
20209010,2025/09/27,19,0,0,0.003,0.003,,0.034,,,,0.006,9,,NNW,2.8,,
20209010,2025/09/27,20,0,0,0.002,0.002,,0.034,,,,0.015,9,,NNW,1.9,,
20209010,2025/09/27,21,0,0,0.002,0.002,,0.035,,,,0.011,7,,NNW,3.7,,
20209010,2025/09/27,22,0,0,0.002,0.002,,0.037,,,,0.010,7,,NNW,3.5,,
20209010,2025/09/27,23,0,0,0.002,0.002,,0.036,,,,0.012,6,,N,2.7,,
20209010,2025/09/27,24,0,0,0.001,0.001,,0.037,,,,0.006,6,,NNW,1.5,,
20209010,2025/09/28,01,0,0,0.002,0.002,,0.031,,,,0.009,6,,NNW,1.7,,
20209010,2025/09/28,02,0,0,0.002,0.002,,0.020,,,,0.012,6,,N,0.9,,
20209010,2025/09/28,03,0,0,0.002,0.002,,0.013,,,,0.006,5,,NNW,1.4,,
20209010,2025/09/28,04,0,0,0.001,0.001,,0.014,,,,0.014,6,,NNW,1.8,,
20209010,2025/09/28,05,0,0,0.001,0.001,,0.014,,,,0.003,6,,NNW,1.1,,
20209010,2025/09/28,06,0,0,0.001,0.001,,0.016,,,,0.010,13,,N,1.5,,
20209010,2025/09/28,07,0,0,0.002,0.002,,0.016,,,,0.019,14,,NNW,1.8,,
20209010,2025/09/28,08,0,0.001,0.002,0.003,,0.017,,,,0.004,7,,NNW,1.1,,
20209010,2025/09/28,09,0,0.001,0.002,0.003,,0.022,,,,0.003,12,,ENE,1.1,,
20209010,2025/09/28,10,0,0,0.002,0.002,,0.035,,,,0.002,13,,SSE,2.8,,
20209010,2025/09/28,11,0,0,0.002,0.002,,0.041,,,,0.011,14,,S,4.0,,
20209010,2025/09/28,12,0,0,0.001,0.001,,0.047,,,,0.023,11,,S,9.0,,
20209010,2025/09/28,13,0,0,0.001,0.001,,0.046,,,,0.011,8,,S,8.3,,
20209010,2025/09/28,14,0,0,0.001,0.001,,0.046,,,,0.007,8,,S,7.9,,
20209010,2025/09/28,15,0,0,0.001,0.001,,0.044,,,,0.010,7,,S,7.9,,
20209010,2025/09/28,16,0,0,0.001,0.001,,0.046,,,,0.002,7,,S,8.5,,
20209010,2025/09/28,17,0,0,0.001,0.001,,0.044,,,,0.011,5,,SSE,6.1,,
20209010,2025/09/28,18,0,0,0.001,0.001,,0.042,,,,0.013,8,,S,6.8,,
20209010,2025/09/28,19,0,0,0.001,0.001,,0.039,,,,0.011,7,,S,4.7,,
20209010,2025/09/28,20,0,0,0.002,0.002,,0.037,,,,0,7,,S,2.5,,
20209010,2025/09/28,21,0,0,0.002,0.002,,0.035,,,,0.019,8,,S,1.1,,
20209010,2025/09/28,22,0,0,0.001,0.001,,0.034,,,,0.004,6,,SSE,3.7,,
20209010,2025/09/28,23,0,0,0.001,0.001,,0.035,,,,0.011,7,,S,2.9,,
20209010,2025/09/28,24,0,0,0.001,0.001,,0.032,,,,0.012,6,,S,3.9,,
20209010,2025/09/29,01,0,0,0.001,0.001,,0.033,,,,0.008,4,,S,5.4,,
20209010,2025/09/29,02,0,0,0.001,0.001,,0.034,,,,0.007,2,,SSW,8.0,,
20209010,2025/09/29,03,0,0,0.001,0.001,,0.032,,,,0.015,3,,SSW,5.5,,
20209010,2025/09/29,04,0,0,0.001,0.001,,0.032,,,,0.003,4,,S,8.0,,
20209010,2025/09/29,05,0,0,0.001,0.001,,0.030,,,,0.010,4,,S,5.6,,
20209010,2025/09/29,06,0,0,0.001,0.001,,0.027,,,,0.008,5,,S,5.7,,
20209010,2025/09/29,07,0,0,0.002,0.002,,0.026,,,,0.004,5,,S,3.9,,
20209010,2025/09/29,08,0,0,0.002,0.002,,0.023,,,,0.008,3,,S,3.0,,
20209010,2025/09/29,09,0,0.001,0.004,0.005,,0.022,,,,0,4,,S,3.1,,
20209010,2025/09/29,10,0,0.001,0.003,0.004,,0.025,,,,0,2,,WSW,2.8,,
20209010,2025/09/29,11,0.001,0.001,0.003,0.004,,0.028,,,,0,3,,WSW,2.6,,
20209010,2025/09/29,12,0.001,0.001,0.003,0.004,,0.033,,,,0,1,,S,3.8,,
20209010,2025/09/29,13,0.001,0.001,0.002,0.003,,0.041,,,,0,6,,S,5.9,,
20209010,2025/09/29,14,0,0,0.002,0.002,,0.044,,,,0.002,2,,S,5.2,,
20209010,2025/09/29,15,0,0,0.002,0.002,,0.046,,,,0.002,1,,NW,2.4,,
20209010,2025/09/29,16,0,0,0.001,0.001,,0.048,,,,0,4,,WNW,2.5,,
20209010,2025/09/29,17,0,0,0.002,0.002,,0.047,,,,0.005,3,,WNW,3.1,,
20209010,2025/09/29,18,0,0,0.002,0.002,,0.049,,,,0.009,3,,W,3.6,,
20209010,2025/09/29,19,0,0,0.003,0.003,,0.045,,,,0.009,4,,NNW,2.3,,
20209010,2025/09/29,20,0,0,0.004,0.004,,0.041,,,,0.008,6,,NE,1.4,,
20209010,2025/09/29,21,0,0,0.004,0.004,,0.028,,,,0.008,4,,NNW,0.6,,
20209010,2025/09/29,22,0,0,0.004,0.004,,0.025,,,,0.017,2,,N,0.8,,
20209010,2025/09/29,23,0,0,0.003,0.003,,0.020,,,,0.013,3,,NNW,1.4,,
20209010,2025/09/29,24,0,0,0.003,0.003,,0.017,,,,0.002,3,,NNW,2.7,,
20209010,2025/09/30,01,0,0,0.002,0.002,,0.018,,,,0,3,,NNW,1.6,,
20209010,2025/09/30,02,0,0,0.002,0.002,,0.016,,,,0.008,2,,N,1.2,,
20209010,2025/09/30,03,0,0,0.003,0.003,,0.013,,,,0.009,3,,N,1.2,,
20209010,2025/09/30,04,0,0,0.002,0.002,,0.013,,,,0.005,2,,N,1.1,,
20209010,2025/09/30,05,0,0,0.002,0.002,,0.014,,,,0.011,1,,NNW,1.4,,
20209010,2025/09/30,06,0,0,0.003,0.003,,0.014,,,,0.005,2,,N,0.5,,
20209010,2025/09/30,07,0,0.001,0.003,0.004,,0.013,,,,0.005,1,,N,0.6,,
20209010,2025/09/30,08,0,0.001,0.002,0.003,,0.018,,,,0.006,2,,CALM,0.4,,
20209010,2025/09/30,09,0,0.001,0.003,0.004,,0.033,,,,0.002,5,,NE,0.7,,
20209010,2025/09/30,10,0,0.001,0.002,0.003,,0.041,,,,0.007,5,,N,1.9,,
20209010,2025/09/30,11,0,0,0.002,0.002,,0.047,,,,0,4,,W,1.2,,
20209010,2025/09/30,12,0.001,0,0.002,0.002,,0.049,,,,0.008,7,,SSE,2.9,,
20209010,2025/09/30,13,0,0,0.002,0.002,,0.049,,,,0.003,4,,S,3.6,,
20209010,2025/09/30,14,0.001,0,0.002,0.002,,0.046,,,,0.005,3,,SSW,3.3,,
20209010,2025/09/30,15,0,0,0.002,0.002,,0.046,,,,0.016,3,,S,2.7,,
20209010,2025/09/30,16,0.001,0,0.002,0.002,,0.040,,,,0.011,7,,WSW,1.4,,
20209010,2025/09/30,17,0.001,0,0.003,0.003,,0.034,,,,0,7,,SSW,2.3,,
20209010,2025/09/30,18,0.001,0,0.004,0.004,,0.038,,,,0.004,7,,S,4.8,,
20209010,2025/09/30,19,0,0,0.004,0.004,,0.044,,,,0.018,9,,SSE,2.9,,
20209010,2025/09/30,20,0,0,0.003,0.003,,0.045,,,,0.011,8,,SSW,2.7,,
20209010,2025/09/30,21,0.001,0,0.003,0.003,,0.044,,,,0.013,8,,S,2.7,,
20209010,2025/09/30,22,0,0,0.003,0.003,,0.041,,,,0.006,6,,SE,2.6,,
20209010,2025/09/30,23,0,0,0.003,0.003,,0.038,,,,0.013,7,,SW,0.6,,
20209010,2025/09/30,24,0,0,0.003,0.003,,0.026,,,,0.005,8,,NW,1.0,,
