測定局コード,日付,時,SO2(ppm),NO(ppm),NO2(ppm),NOx(ppm),CO(ppm),Ox(ppm),NMHC(ppmC),CH4(ppmC),THC(ppmC),SPM(mg/m3),PM2.5(μg/m3),SP(mg/m3),WD(16Dir),WS(m/s),TEMP(℃),HUM(％)
12219520,2025/09/01,01,0,0.001,0.002,0.003,0.2,,0.03,1.98,2.01,0.030,,,ESE,0.7,,
12219520,2025/09/01,02,-,-,-,-,-,,-,-,-,0.028,,,SE,0.7,,
12219520,2025/09/01,03,0,0.003,0.004,0.007,0.2,,0.05,1.97,2.02,0.029,,,SE,0.8,,
12219520,2025/09/01,04,0,0,0.002,0.002,0.2,,0.06,1.99,2.05,0.025,,,E,0.9,,
12219520,2025/09/01,05,0,0.006,0.004,0.010,0.2,,0.06,2.00,2.06,0.020,,,SE,1.1,,
12219520,2025/09/01,06,0,0.017,0.007,0.024,0.3,,0.08,2.06,2.14,0.023,,,SE,1.4,,
12219520,2025/09/01,07,0,0.014,0.006,0.020,0.3,,0.08,2.04,2.12,0.066,,,S,1.8,,
12219520,2025/09/01,08,0,0.008,0.005,0.013,0.2,,0.05,1.92,1.97,0.011,,,SW,3.4,,
12219520,2025/09/01,09,0,0.006,0.003,0.009,0.2,,0.06,1.92,1.98,0,,,SW,3.9,,
12219520,2025/09/01,10,0,0.008,0.003,0.011,0.2,,0.04,1.92,1.96,0.022,,,SSW,4.1,,
12219520,2025/09/01,11,0,0.008,0.006,0.014,0.2,,0.04,1.92,1.96,0.006,,,SSW,4.3,,
12219520,2025/09/01,12,0,0.008,0.004,0.012,0.2,,0.06,1.93,1.99,0.015,,,SW,4.4,,
12219520,2025/09/01,13,0,0.006,0.002,0.008,0.2,,0.05,1.93,1.98,0.017,,,SSW,4.0,,
12219520,2025/09/01,14,0,0.008,0.004,0.012,0.2,,0.05,1.94,1.99,0.016,,,SSW,3.6,,
12219520,2025/09/01,15,0,0.006,0.008,0.014,0.2,,0.05,1.92,1.97,0.011,,,SSW,3.3,,
12219520,2025/09/01,16,0,0.005,0.004,0.009,0.2,,0.04,1.92,1.96,0.022,,,SSW,4.1,,
12219520,2025/09/01,17,0,0.004,0.004,0.008,0.2,,0.04,1.92,1.96,0.024,,,SSW,3.5,,
12219520,2025/09/01,18,0,0.003,0.001,0.004,0.2,,0.04,1.91,1.95,0.018,,,SSW,3.2,,
12219520,2025/09/01,19,0,0.002,0.003,0.005,0.2,,0.03,1.90,1.93,0.033,,,S,1.9,,
12219520,2025/09/01,20,0,0.001,0,0.001,0.1,,0.04,1.90,1.94,0.026,,,SSE,2.5,,
12219520,2025/09/01,21,0,0.002,0,0.002,0.1,,0.02,1.89,1.91,0.010,,,S,2.2,,
12219520,2025/09/01,22,0,0.001,0,0.001,0.1,,0.02,1.89,1.91,0.005,,,S,2.4,,
12219520,2025/09/01,23,0,0.001,0,0.001,0.1,,0.03,1.89,1.92,0.015,,,SSW,2.7,,
12219520,2025/09/01,24,0,0.001,0,0.001,0.1,,0.02,1.89,1.91,0,,,SSW,3.5,,
12219520,2025/09/02,01,0,0.001,0,0.001,0.1,,0.01,1.89,1.90,0.003,,,SSW,3.5,,
12219520,2025/09/02,02,0,0.001,0,0.001,0.1,,0.02,1.89,1.91,0.002,,,SSW,3.1,,
12219520,2025/09/02,03,0,0.001,0,0.001,0.1,,0.03,1.89,1.92,0.009,,,SSW,2.4,,
12219520,2025/09/02,04,0,0.003,0.001,0.004,0.1,,0.02,1.89,1.91,0.008,,,SSW,2.0,,
12219520,2025/09/02,05,0,0.005,0.004,0.009,0.1,,0.03,1.89,1.92,0.004,,,SSW,1.6,,
12219520,2025/09/02,06,0,0.009,0.001,0.010,0.1,,0.02,1.90,1.92,0.011,,,SSW,2.8,,
12219520,2025/09/02,07,0,0.009,0.003,0.012,0.1,,0.03,1.89,1.92,0.019,,,SSW,3.6,,
12219520,2025/09/02,08,0,0.011,0.002,0.013,0.1,,0.05,1.89,1.94,0,,,SSW,3.8,,
12219520,2025/09/02,09,0,0.008,0.004,0.012,0.1,,0.04,1.89,1.93,0.011,,,SSW,4.3,,
12219520,2025/09/02,10,0,0.009,0.001,0.010,0.1,,0.03,1.89,1.92,0.004,,,SW,4.7,,
12219520,2025/09/02,11,0,0.009,0.008,0.017,0.1,,0.04,1.89,1.93,0,,,SSW,4.9,,
12219520,2025/09/02,12,0,0.008,0.006,0.014,0.1,,0.04,1.88,1.92,0.014,,,SW,4.5,,
12219520,2025/09/02,13,0,0.006,0.002,0.008,0.1,,0.05,1.89,1.94,0.010,,,SW,5.7,,
12219520,2025/09/02,14,0,0.006,0,0.006,0.1,,0.04,1.90,1.94,0.007,,,SSW,5.1,,
12219520,2025/09/02,15,0,0.005,0.002,0.007,0.1,,0.04,1.90,1.94,0.012,,,SSW,4.4,,
12219520,2025/09/02,16,0,0.006,0.001,0.007,0.1,,0.04,1.90,1.94,0.007,,,SSW,4.0,,
12219520,2025/09/02,17,0,0.005,0,0.005,0.1,,0.03,1.89,1.92,0.014,,,SSW,5.2,,
12219520,2025/09/02,18,0,0.002,0.001,0.003,0.1,,0.02,1.89,1.91,0.009,,,SSW,3.7,,
12219520,2025/09/02,19,0,0.002,0,0.002,0.1,,0.04,1.89,1.93,0.031,,,SSW,3.8,,
12219520,2025/09/02,20,0,0.001,0,0.001,0.1,,0.02,1.89,1.91,0.025,,,SSW,4.5,,
12219520,2025/09/02,21,0,0.001,0,0.001,0.1,,0.02,1.88,1.90,0.010,,,SSW,3.6,,
12219520,2025/09/02,22,0,0,0,0,0.1,,0.03,1.88,1.91,0,,,SSW,3.0,,
12219520,2025/09/02,23,0,0,0,0,0.1,,0.02,1.89,1.91,0.005,,,SW,2.9,,
12219520,2025/09/02,24,0,0.001,0,0.001,0.1,,0.03,1.89,1.92,0.021,,,SW,2.3,,
12219520,2025/09/03,01,0,0,0.003,0.003,0.1,,0.03,1.89,1.92,0.005,,,SSW,2.7,,
12219520,2025/09/03,02,0,0.001,0.002,0.003,0.1,,0.03,1.89,1.92,0.015,,,SW,2.6,,
12219520,2025/09/03,03,0,0.001,0.007,0.008,0.2,,0.03,1.89,1.92,0.023,,,SW,2.9,,
12219520,2025/09/03,04,0.001,0.005,0.012,0.017,0.4,,0.08,1.94,2.02,0.012,,,SW,1.1,,
12219520,2025/09/03,05,0.001,0.010,0.008,0.018,0.2,,0.05,1.93,1.98,0.030,,,SE,1.2,,
12219520,2025/09/03,06,0,0.009,0.006,0.015,0.1,,0.04,1.91,1.95,0,,,SSE,1.6,,
12219520,2025/09/03,07,0,0.017,0.004,0.021,0.2,,0.03,1.89,1.92,0.019,,,SW,3.1,,
12219520,2025/09/03,08,0.001,0.012,0.004,0.016,0.3,,0.05,1.90,1.95,0.006,,,SW,3.5,,
12219520,2025/09/03,09,0.003,0.011,0.013,0.024,0.3,,0.09,1.91,2.00,0.002,,,WSW,4.6,,
12219520,2025/09/03,10,0.003,0.014,0.011,0.025,0.2,,0.13,1.92,2.05,0.009,,,WSW,2.4,,
12219520,2025/09/03,11,0.004,0.012,0.019,0.031,0.2,,0.13,1.94,2.07,0.023,,,WSW,2.2,,
12219520,2025/09/03,12,0.005,0.011,0.018,0.029,0.4,,0.17,1.95,2.12,0.027,,,SW,1.8,,
12219520,2025/09/03,13,0.002,0.007,0.006,0.013,0.2,,0.10,1.92,2.02,0.015,,,SSW,2.2,,
12219520,2025/09/03,14,0.001,0.005,0.003,0.008,0.2,,0.05,1.90,1.95,0.019,,,SSW,2.9,,
12219520,2025/09/03,15,0,0.006,0.005,0.011,0.1,,0.07,1.89,1.96,0.017,,,SW,4.3,,
12219520,2025/09/03,16,0,0.005,0.003,0.008,0.2,,0.05,1.90,1.95,0.020,,,SSW,4.0,,
12219520,2025/09/03,17,0,0.004,0.002,0.006,0.1,,0.03,1.88,1.91,0.017,,,SSW,3.2,,
12219520,2025/09/03,18,0,0.005,0.003,0.008,0.1,,0.03,1.88,1.91,0.024,,,SSW,2.4,,
12219520,2025/09/03,19,0,0.003,0.001,0.004,0.1,,0.05,1.88,1.93,0.003,,,SSW,2.8,,
12219520,2025/09/03,20,0,0.002,0.001,0.003,0.1,,0.03,1.87,1.90,0.009,,,SSW,3.0,,
12219520,2025/09/03,21,0,0.002,0.001,0.003,0.1,,0.04,1.89,1.93,0.006,,,SSE,0.9,,
12219520,2025/09/03,22,0,0.002,0.001,0.003,0.1,,0.04,1.90,1.94,0.006,,,SE,1.2,,
12219520,2025/09/03,23,0,0.001,0.001,0.002,0.1,,0.03,1.89,1.92,0.002,,,SE,1.0,,
12219520,2025/09/03,24,0,0.001,0.001,0.002,0.1,,0.03,1.89,1.92,0.006,,,ESE,1.3,,
12219520,2025/09/04,01,0,0.001,0.001,0.002,0.1,,0.03,1.90,1.93,0.008,,,ESE,0.9,,
12219520,2025/09/04,02,0,0.003,0.002,0.005,0.1,,0.12,1.90,2.02,0.010,,,SE,1.1,,
12219520,2025/09/04,03,0,0.001,0.002,0.003,0.1,,0.05,1.91,1.96,0.014,,,ENE,0.6,,
12219520,2025/09/04,04,0,0.006,0.005,0.011,0.1,,0.05,1.92,1.97,0.006,,,SE,1.0,,
12219520,2025/09/04,05,0,0.002,0.007,0.009,0.1,,0.05,1.95,2.00,0.006,,,ENE,1.5,,
12219520,2025/09/04,06,0,0.003,0.005,0.008,0.1,,0.06,2.06,2.12,0.019,,,ENE,1.5,,
12219520,2025/09/04,07,0,0.001,0.006,0.007,0.1,,0.06,2.04,2.10,0.028,,,NNE,2.5,,
12219520,2025/09/04,08,0,0,0.003,0.003,0.2,,0.04,1.97,2.01,0,,,NE,1.7,,
12219520,2025/09/04,09,0,0.001,0.005,0.006,0.2,,0.05,1.97,2.02,0.022,,,NE,1.5,,
12219520,2025/09/04,10,0,0.001,0.004,0.005,0.2,,0.08,1.97,2.05,0.036,,,NE,1.4,,
12219520,2025/09/04,11,0,0.004,0.005,0.009,0.2,,0.06,1.96,2.02,0.027,,,SE,1.5,,
12219520,2025/09/04,12,0,0.016,0.013,0.029,0.2,,0.06,1.96,2.02,0.006,,,WSW,1.3,,
12219520,2025/09/04,13,0,0.011,0.015,0.026,0.3,,0.19,1.97,2.16,0.038,,,W,2.8,,
12219520,2025/09/04,14,0,0.010,0.017,0.027,0.3,,0.14,1.99,2.13,0.044,,,WNW,2.5,,
12219520,2025/09/04,15,0,0.010,0.020,0.030,0.2,,0.17,2.00,2.17,0,,,WNW,2.0,,
12219520,2025/09/04,16,0,0.014,0.016,0.030,0.2,,0.09,1.98,2.07,0.024,,,NW,0.8,,
12219520,2025/09/04,17,0,0.006,0.017,0.023,0.3,,0.12,1.98,2.10,0.027,,,W,0.6,,
12219520,2025/09/04,18,0,0.006,0.023,0.029,0.3,,0.20,1.97,2.17,0.080,,,SSE,0.8,,
12219520,2025/09/04,19,0,0.003,0.013,0.016,0.3,,0.20,2.00,2.20,0.021,,,ESE,0.7,,
12219520,2025/09/04,20,0,0.002,0.009,0.011,0.3,,0.15,2.02,2.17,0.028,,,SE,1.2,,
12219520,2025/09/04,21,0,0.003,0.008,0.011,0.3,,0.11,2.04,2.15,0.039,,,SSE,1.2,,
12219520,2025/09/04,22,0,0,0.009,0.009,0.3,,0.13,2.04,2.17,0.036,,,SSE,1.1,,
12219520,2025/09/04,23,0,0.001,0.004,0.005,0.2,,0.07,1.99,2.06,0.016,,,SW,1.2,,
12219520,2025/09/04,24,0,0.001,0.004,0.005,0.2,,0.05,1.93,1.98,0.014,,,S,1.1,,
12219520,2025/09/05,01,0,0.001,0.004,0.005,0.2,,0.06,1.94,2.00,0.011,,,SE,1.1,,
12219520,2025/09/05,02,0,0.002,0.005,0.007,0.2,,0.06,1.96,2.02,0.013,,,SSE,1.2,,
12219520,2025/09/05,03,0,0.002,0.004,0.006,0.1,,0.06,1.94,2.00,0.021,,,S,0.7,,
12219520,2025/09/05,04,0,0.002,0.004,0.006,0.1,,0.04,1.92,1.96,0,,,SSW,1.2,,
12219520,2025/09/05,05,0,0.011,0.005,0.016,0.1,,0.03,1.89,1.92,0.010,,,CALM,0.1,,
12219520,2025/09/05,06,0,0.019,0.005,0.024,0.1,,0.06,1.90,1.96,0.021,,,E,0.4,,
12219520,2025/09/05,07,0,0.004,0.006,0.010,0.1,,0.06,1.95,2.01,0.017,,,N,0.3,,
12219520,2025/09/05,08,0,0.016,0.007,0.023,0.2,,0.08,2.01,2.09,0.007,,,ESE,0.6,,
12219520,2025/09/05,09,0,0.018,0.007,0.025,0.2,,0.12,1.92,2.04,0.005,,,E,1.2,,
12219520,2025/09/05,10,0,0.010,0.006,0.016,0.2,,0.09,1.93,2.02,0.007,,,ENE,0.5,,
12219520,2025/09/05,11,0,0.017,0.006,0.023,0.1,,0.06,1.99,2.05,0,,,SSE,2.3,,
12219520,2025/09/05,12,0,0.013,0.004,0.017,0.1,,0.04,1.87,1.91,0.006,,,SSW,2.3,,
12219520,2025/09/05,13,0,0.011,0.002,0.013,0.1,,0.05,1.88,1.93,0.014,,,S,2.0,,
12219520,2025/09/05,14,0,0.012,0.005,0.017,0.1,,0.03,1.88,1.91,0.020,,,S,2.1,,
12219520,2025/09/05,15,0,0.013,0.007,0.020,0.1,,0.04,1.88,1.92,0.006,,,SSW,2.1,,
12219520,2025/09/05,16,0,0.005,0.004,0.009,0.1,,0.05,1.89,1.94,0.002,,,N,2.2,,
12219520,2025/09/05,17,0,0.003,0.010,0.013,0.3,,0.14,1.94,2.08,0,,,N,3.5,,
12219520,2025/09/05,18,0,0.004,0.009,0.013,0.4,,0.16,1.93,2.09,0.008,,,NW,1.6,,
12219520,2025/09/05,19,0,0.003,0.007,0.010,0.1,,0.21,1.95,2.16,0,,,WNW,1.2,,
12219520,2025/09/05,20,0,0.003,0.008,0.011,0.2,,0.13,1.93,2.06,0,,,WNW,2.5,,
12219520,2025/09/05,21,0,0.005,0.011,0.016,0.2,,0.20,1.94,2.14,0.012,,,WNW,1.9,,
12219520,2025/09/05,22,0,0.003,0.010,0.013,0.2,,0.16,1.95,2.11,0.002,,,WNW,0.8,,
12219520,2025/09/05,23,0,0.004,0.011,0.015,0.2,,0.14,1.97,2.11,0.015,,,E,0.5,,
12219520,2025/09/05,24,0,0.003,0.008,0.011,0.2,,0.17,2.39,2.56,0.004,,,NE,0.7,,
12219520,2025/09/06,01,0,0.002,0.010,0.012,0.3,,0.18,2.34,2.52,0,,,NNW,0.6,,
12219520,2025/09/06,02,0,0.001,0.011,0.012,0.3,,0.13,1.99,2.12,0.002,,,NNE,1.9,,
12219520,2025/09/06,03,0,0.001,0.008,0.009,0.2,,0.11,1.99,2.10,0.012,,,SE,1.1,,
12219520,2025/09/06,04,0,0.004,0.007,0.011,0.2,,0.09,2.04,2.13,0.007,,,SSE,0.5,,
12219520,2025/09/06,05,0,0.013,0.007,0.020,0.2,,0.14,2.08,2.22,0.010,,,ESE,0.3,,
12219520,2025/09/06,06,0,0.009,0.008,0.017,0.2,,0.36,2.06,2.42,0.010,,,ENE,1.3,,
12219520,2025/09/06,07,0,0.002,0.003,0.005,0.2,,0.30,2.11,2.41,0.006,,,NE,3.0,,
12219520,2025/09/06,08,0,0.001,0.003,0.004,0.2,,0.05,1.97,2.02,0.005,,,NE,3.7,,
12219520,2025/09/06,09,0.001,0.001,0.002,0.003,0.2,,0.04,1.96,2.00,0.008,,,ENE,2.4,,
12219520,2025/09/06,10,0,0.002,0.003,0.005,0.2,,0.04,1.97,2.01,0.008,,,ESE,2.0,,
12219520,2025/09/06,11,0.001,0.001,0.003,0.004,0.2,,0.05,1.97,2.02,0.008,,,ENE,2.3,,
12219520,2025/09/06,12,0.001,0.002,0.004,0.006,0.2,,0.05,1.98,2.03,0.012,,,WSW,0.9,,
12219520,2025/09/06,13,0.002,0.002,0.006,0.008,0.2,,0.12,1.99,2.11,0.014,,,S,1.6,,
12219520,2025/09/06,14,0.003,0.001,0.008,0.009,0.3,,0.16,1.99,2.15,0.024,,,SE,2.2,,
12219520,2025/09/06,15,0.001,0.001,0.002,0.003,0.2,,0.09,2.02,2.11,0.016,,,ESE,2.7,,
12219520,2025/09/06,16,0,0.001,0.002,0.003,0.2,,0.07,2.02,2.09,0.014,,,ESE,3.8,,
12219520,2025/09/06,17,0,0.001,0.001,0.002,0.2,,0.07,2.00,2.07,0.006,,,ESE,2.9,,
12219520,2025/09/06,18,0,0.001,0.002,0.003,0.2,,0.07,1.99,2.06,0.009,,,SE,1.5,,
12219520,2025/09/06,19,0,0.001,0.002,0.003,0.2,,0.08,2.00,2.08,0.013,,,SE,1.5,,
12219520,2025/09/06,20,0,0.001,0.002,0.003,0.2,,0.06,2.00,2.06,0.013,,,SSE,0.8,,
12219520,2025/09/06,21,0,0.001,0.002,0.003,0.2,,0.07,2.00,2.07,0.016,,,SE,1.5,,
12219520,2025/09/06,22,0,0.001,0.002,0.003,0.2,,0.08,1.99,2.07,0.017,,,SE,0.9,,
12219520,2025/09/06,23,0,0.001,0.002,0.003,0.2,,0.08,1.99,2.07,0.014,,,SE,1.4,,
12219520,2025/09/06,24,0,0.001,0.002,0.003,0.2,,0.07,2.00,2.07,0.016,,,ESE,0.8,,
12219520,2025/09/07,01,0,0.002,0.001,0.003,0.2,,0.07,2.02,2.09,0.018,,,SSE,0.9,,
12219520,2025/09/07,02,0,0.002,0.002,0.004,0.2,,0.06,2.03,2.09,0.017,,,SE,1.5,,
12219520,2025/09/07,03,0,0.001,0.001,0.002,0.2,,0.05,2.03,2.08,0.015,,,SE,1.4,,
12219520,2025/09/07,04,0,0.001,0.001,0.002,0.2,,0.05,2.02,2.07,0.016,,,SE,1.4,,
12219520,2025/09/07,05,0,0.002,0.002,0.004,0.1,,0.05,2.03,2.08,0.014,,,SE,1.6,,
12219520,2025/09/07,06,0,0.001,0.001,0.002,0.2,,0.04,2.01,2.05,0.013,,,SE,1.5,,
12219520,2025/09/07,07,0,0.003,0.001,0.004,0.2,,0.05,2.00,2.05,0.019,,,SE,1.5,,
12219520,2025/09/07,08,0,0.001,0.001,0.002,0.2,,0.04,1.98,2.02,0.016,,,SSW,2.7,,
12219520,2025/09/07,09,0,0.001,0,0.001,0.2,,0.04,1.95,1.99,0.005,,,SSW,3.5,,
12219520,2025/09/07,10,0,0.001,0,0.001,0.2,,0.04,1.94,1.98,0.005,,,SW,3.5,,
12219520,2025/09/07,11,0,0.001,0,0.001,0.2,,0.04,1.94,1.98,0.012,,,SSW,3.8,,
12219520,2025/09/07,12,0,0.001,0.001,0.002,0.2,,0.04,1.94,1.98,0.015,,,SSW,3.3,,
12219520,2025/09/07,13,0,0,0,0,0.2,,0.04,1.94,1.98,0.015,,,SW,3.8,,
12219520,2025/09/07,14,0,0.001,0,0.001,0.2,,0.04,1.95,1.99,0.010,,,SW,3.4,,
12219520,2025/09/07,15,0,0,0.001,0.001,0.2,,0.06,1.95,2.01,0.016,,,SW,4.0,,
12219520,2025/09/07,16,0,0.001,0,0.001,0.2,,0.04,1.94,1.98,0.018,,,SSW,3.3,,
12219520,2025/09/07,17,0,0.001,0,0.001,0.2,,0.04,1.94,1.98,0.014,,,S,2.3,,
12219520,2025/09/07,18,0,0.001,0,0.001,0.2,,0.05,1.94,1.99,0.029,,,SSE,2.4,,
12219520,2025/09/07,19,0,0.001,0.001,0.002,0.2,,0.05,1.94,1.99,0.016,,,SSE,1.2,,
12219520,2025/09/07,20,0,0.001,0.001,0.002,0.2,,0.05,1.95,2.00,0.016,,,SE,1.4,,
12219520,2025/09/07,21,0,0.001,0.001,0.002,0.2,,0.07,1.96,2.03,0.009,,,SE,1.6,,
12219520,2025/09/07,22,0,0.001,0.001,0.002,0.2,,0.07,1.97,2.04,0.015,,,SE,1.8,,
12219520,2025/09/07,23,0,0.001,0.001,0.002,0.2,,0.05,1.96,2.01,0.014,,,SE,1.7,,
12219520,2025/09/07,24,0,0.001,0.001,0.002,0.2,,0.05,1.97,2.02,0.018,,,SE,1.3,,
12219520,2025/09/08,01,0,0.003,0.002,0.005,0.2,,0.04,1.96,2.00,0.018,,,ESE,1.2,,
12219520,2025/09/08,02,-,-,-,-,-,,-,-,-,0.019,,,SE,1.0,,
12219520,2025/09/08,03,0,0.001,0.003,0.004,0.2,,0.07,1.99,2.06,0.018,,,SE,0.9,,
12219520,2025/09/08,04,0,0.005,0.006,0.011,0.2,,0.07,2.00,2.07,0.012,,,ESE,0.9,,
12219520,2025/09/08,05,0,0.009,0.007,0.016,0.2,,0.07,2.03,2.10,0.016,,,ESE,1.2,,
12219520,2025/09/08,06,0,0.008,0.006,0.014,0.2,,0.07,2.04,2.11,0.021,,,SE,1.3,,
12219520,2025/09/08,07,0,0.020,0.008,0.028,0.2,,0.07,2.01,2.08,0.034,,,SE,1.2,,
12219520,2025/09/08,08,0,0.014,0.011,0.025,0.2,,0.08,1.98,2.06,0.018,,,SSW,1.2,,
12219520,2025/09/08,09,0.003,0.011,0.013,0.024,0.3,,0.11,1.95,2.06,0.025,,,WSW,1.7,,
12219520,2025/09/08,10,0.009,0.016,0.025,0.041,0.6,,0.36,2.00,2.36,0.040,,,SW,1.7,,
12219520,2025/09/08,11,0.007,0.010,0.022,0.032,0.5,,0.45,2.00,2.45,0.011,,,NE,0.9,,
12219520,2025/09/08,12,0.007,0.006,0.019,0.025,0.5,,0.44,1.99,2.43,0.055,,,S,1.9,,
12219520,2025/09/08,13,0.004,0.003,0.011,0.014,0.4,,0.21,1.98,2.19,0.039,,,ESE,1.0,,
12219520,2025/09/08,14,0.003,0.006,0.016,0.022,0.4,,0.43,1.97,2.40,0.056,,,W,3.0,,
12219520,2025/09/08,15,0.006,0.012,0.023,0.035,0.6,,1.02,2.00,3.02,0.040,,,WSW,3.1,,
12219520,2025/09/08,16,0.011,0.009,0.026,0.035,0.5,,0.35,1.98,2.33,0.043,,,SSW,1.2,,
12219520,2025/09/08,17,0.008,0.003,0.020,0.023,0.5,,0.43,2.00,2.43,0.061,,,WNW,1.7,,
12219520,2025/09/08,18,0.003,0,0.007,0.007,0.4,,0.22,2.04,2.26,0.049,,,ESE,2.1,,
12219520,2025/09/08,19,0.001,0.001,0.004,0.005,0.2,,0.10,2.07,2.17,0.030,,,S,1.3,,
12219520,2025/09/08,20,0.001,0.002,0.007,0.009,0.3,,0.09,2.00,2.09,0.036,,,SSW,0.8,,
12219520,2025/09/08,21,0,0.002,0.006,0.008,0.3,,0.11,1.98,2.09,0.059,,,SSW,1.4,,
12219520,2025/09/08,22,0,0.001,0.005,0.006,0.3,,0.11,1.99,2.10,0.042,,,SE,0.9,,
12219520,2025/09/08,23,0,0.001,0.005,0.006,0.2,,0.10,1.98,2.08,0.038,,,ESE,0.5,,
12219520,2025/09/08,24,0,0,0.003,0.003,0.2,,0.10,2.03,2.13,0.076,,,ENE,2.2,,
12219520,2025/09/09,01,0,0,0.002,0.002,0.2,,0.09,2.03,2.12,0.047,,,ENE,1.5,,
12219520,2025/09/09,02,0,0.001,0.003,0.004,0.2,,0.10,2.03,2.13,0.050,,,SE,1.4,,
12219520,2025/09/09,03,0,0.001,0.003,0.004,0.2,,0.07,2.03,2.10,0.046,,,SE,1.0,,
12219520,2025/09/09,04,0,0.001,0.005,0.006,0.2,,0.08,2.02,2.10,0.061,,,ENE,1.3,,
12219520,2025/09/09,05,0,0.001,0.002,0.003,0.2,,0.08,2.01,2.09,0.064,,,ENE,1.6,,
12219520,2025/09/09,06,0,0,0.002,0.002,0.2,,0.06,1.99,2.05,0.058,,,ENE,0.9,,
12219520,2025/09/09,07,0,0,0.003,0.003,0.2,,0.06,1.97,2.03,0.064,,,ENE,1.5,,
12219520,2025/09/09,08,0,0.001,0.003,0.004,0.2,,0.05,1.98,2.03,0.042,,,ESE,1.5,,
12219520,2025/09/09,09,0,0.010,0.010,0.020,0.2,,0.06,1.97,2.03,0.040,,,WNW,1.0,,
12219520,2025/09/09,10,0,0.015,0.019,0.034,0.3,,0.14,1.99,2.13,0.031,,,SW,1.2,,
12219520,2025/09/09,11,0.001,0.009,0.024,0.033,0.3,,0.35,1.98,2.33,0.052,,,SSW,1.4,,
12219520,2025/09/09,12,0.001,0.007,0.020,0.027,0.3,,0.43,1.97,2.40,0.053,,,SE,1.9,,
12219520,2025/09/09,13,0.001,0.006,0.022,0.028,0.3,,0.47,1.97,2.44,0.066,,,W,1.8,,
12219520,2025/09/09,14,0.002,0.008,0.025,0.033,0.5,,0.47,2.00,2.47,0.098,,,WNW,3.1,,
12219520,2025/09/09,15,0.002,0.007,0.010,0.017,0.3,,0.24,1.99,2.23,0,,,SSW,3.3,,
12219520,2025/09/09,16,0.001,0.004,0.006,0.010,0.2,,0.08,1.96,2.04,0.048,,,SSW,3.1,,
12219520,2025/09/09,17,0.001,0.004,0.006,0.010,0.2,,0.08,1.97,2.05,0.028,,,SW,2.6,,
12219520,2025/09/09,18,0.001,0.004,0.004,0.008,0.3,,0.07,1.96,2.03,0.025,,,S,1.4,,
12219520,2025/09/09,19,0.001,0.003,0.006,0.009,0.3,,0.09,1.96,2.05,0.045,,,SSE,1.1,,
12219520,2025/09/09,20,0,0.001,0.004,0.005,0.2,,0.09,1.96,2.05,0.065,,,SE,1.4,,
12219520,2025/09/09,21,0,0.001,0.003,0.004,0.2,,0.08,1.94,2.02,0.049,,,ESE,0.9,,
12219520,2025/09/09,22,0,0,0.003,0.003,0.2,,0.07,1.93,2.00,0.040,,,ESE,1.3,,
12219520,2025/09/09,23,0,0,0.002,0.002,0.2,,0.07,1.93,2.00,0.044,,,ESE,0.9,,
12219520,2025/09/09,24,0,0,0.002,0.002,0.2,,0.05,1.92,1.97,0.050,,,ESE,0.9,,
12219520,2025/09/10,01,0,0,0.002,0.002,0.2,,0.05,1.93,1.98,0.040,,,SE,1.0,,
12219520,2025/09/10,02,0,0.003,0.003,0.006,0.2,,0.05,1.95,2.00,0.038,,,SE,1.3,,
12219520,2025/09/10,03,0,0,0.002,0.002,0.2,,0.05,1.94,1.99,0.044,,,SE,0.9,,
12219520,2025/09/10,04,0,0.005,0.006,0.011,0.2,,0.05,1.94,1.99,0.037,,,SSE,1.4,,
12219520,2025/09/10,05,0,0.006,0.007,0.013,0.2,,0.05,1.96,2.01,0.042,,,SW,1.6,,
12219520,2025/09/10,06,0,0.006,0.007,0.013,0.2,,0.07,1.99,2.06,0.065,,,SSW,1.7,,
12219520,2025/09/10,07,0,0.010,0.008,0.018,0.2,,0.06,1.93,1.99,0.061,,,SE,1.8,,
12219520,2025/09/10,08,0,0.009,0.009,0.018,0.2,,0.07,1.93,2.00,0.083,,,SSW,2.3,,
12219520,2025/09/10,09,0,0.010,0.008,0.018,0.2,,0.06,1.89,1.95,0.019,,,WSW,1.8,,
12219520,2025/09/10,10,0,0.018,0.019,0.037,0.4,,0.20,1.94,2.14,0.052,,,W,3.6,,
12219520,2025/09/10,11,0,0.014,0.022,0.036,0.4,,0.19,1.96,2.15,0.015,,,WSW,2.9,,
12219520,2025/09/10,12,0,0.008,0.009,0.017,0.2,,0.15,1.93,2.08,0,,,SW,2.6,,
12219520,2025/09/10,13,0,0.009,0.010,0.019,0.2,,0.13,1.93,2.06,0.068,,,WNW,4.1,,
12219520,2025/09/10,14,0,0.005,0.005,0.010,0.2,,0.19,1.92,2.11,0.087,,,NE,2.9,,
12219520,2025/09/10,15,0,0.001,0.005,0.006,0.2,,0.11,1.96,2.07,0.082,,,NNE,2.9,,
12219520,2025/09/10,16,0,0.002,0.005,0.007,0.2,,0.12,1.93,2.05,0.040,,,NE,1.3,,
12219520,2025/09/10,17,0,0.001,0.012,0.013,0.2,,0.15,1.94,2.09,0.021,,,NE,2.3,,
12219520,2025/09/10,18,0,0,0.004,0.004,0.2,,0.09,1.93,2.02,0.026,,,ENE,1.7,,
12219520,2025/09/10,19,0,0,0.005,0.005,0.2,,0.09,1.95,2.04,0.041,,,ENE,1.2,,
12219520,2025/09/10,20,0,0.001,0.005,0.006,0.2,,0.11,1.97,2.08,0.020,,,SE,1.5,,
12219520,2025/09/10,21,0,0.001,0.002,0.003,0.1,,0.06,1.90,1.96,0.015,,,SE,1.4,,
12219520,2025/09/10,22,0,0.003,0.002,0.005,0.1,,0.05,1.88,1.93,0.015,,,SE,2.0,,
12219520,2025/09/10,23,0,0.001,0,0.001,0.1,,0.05,1.88,1.93,0.021,,,SE,1.5,,
12219520,2025/09/10,24,0,0.001,0.001,0.002,0.1,,0.04,1.88,1.92,0.026,,,S,1.4,,
12219520,2025/09/11,01,0,0,0,0,0.1,,0.04,1.88,1.92,0.034,,,SSW,1.4,,
12219520,2025/09/11,02,0,0.002,0.001,0.003,0.1,,0.03,1.88,1.91,0.020,,,S,1.6,,
12219520,2025/09/11,03,0,0.002,0,0.002,0.1,,0.04,1.89,1.93,0.022,,,SSW,2.4,,
12219520,2025/09/11,04,0,0.002,0.002,0.004,0.1,,0.03,1.90,1.93,0.017,,,SW,2.1,,
12219520,2025/09/11,05,0,0.003,0.001,0.004,0.1,,0.03,1.92,1.95,0.008,,,SSW,3.1,,
12219520,2025/09/11,06,0,0.005,0.006,0.011,0.1,,0.04,1.92,1.96,0.013,,,SSW,3.6,,
12219520,2025/09/11,07,0,0.006,0.003,0.009,0.1,,0.03,1.93,1.96,0.022,,,SW,3.2,,
12219520,2025/09/11,08,0,0.007,0.004,0.011,0.1,,0.05,1.94,1.99,0.010,,,SW,3.6,,
12219520,2025/09/11,09,0,0.008,0.004,0.012,0.1,,0.06,1.91,1.97,0,,,SW,4.0,,
12219520,2025/09/11,10,0,0.021,0.010,0.031,0.3,,0.16,1.93,2.09,0.016,,,WSW,2.8,,
12219520,2025/09/11,11,0,0.014,0.016,0.030,0.3,,0.19,1.94,2.13,0.022,,,W,5.3,,
12219520,2025/09/11,12,0,0.015,0.014,0.029,0.2,,0.19,1.94,2.13,0.004,,,W,2.7,,
12219520,2025/09/11,13,0.001,0.008,0.014,0.022,0.2,,0.39,1.91,2.30,0.032,,,NNE,2.1,,
12219520,2025/09/11,14,0.001,0,0.004,0.004,0.2,,0.15,1.94,2.09,0.038,,,NE,4.2,,
12219520,2025/09/11,15,0,0,0.003,0.003,0.2,,0.06,1.96,2.02,0.039,,,NE,3.2,,
12219520,2025/09/11,16,0,0,0.005,0.005,0.2,,0.07,1.95,2.02,0.063,,,ENE,1.7,,
12219520,2025/09/11,17,0,0.005,0.013,0.018,0.2,,0.10,1.95,2.05,0.002,,,NNE,1.7,,
12219520,2025/09/11,18,0,0,0.005,0.005,0.1,,0.08,1.94,2.02,0.010,,,ENE,1.6,,
12219520,2025/09/11,19,0,0,0.002,0.002,0.1,,0.05,1.95,2.00,0.006,,,NE,2.3,,
12219520,2025/09/11,20,0,0,0.003,0.003,0.1,,0.06,1.94,2.00,0.019,,,ENE,2.0,,
12219520,2025/09/11,21,0,0,0.005,0.005,0.2,,0.08,1.95,2.03,0.029,,,E,0.9,,
12219520,2025/09/11,22,0,0,0.004,0.004,0.2,,0.08,1.95,2.03,0.022,,,NNE,2.1,,
12219520,2025/09/11,23,0.001,0,0.009,0.009,0.3,,0.10,1.96,2.06,0.025,,,NNE,1.4,,
12219520,2025/09/11,24,0.001,0,0.009,0.009,0.3,,0.09,1.97,2.06,0.024,,,NNE,2.5,,
12219520,2025/09/12,01,0.001,0,0.008,0.008,0.3,,0.08,1.98,2.06,0.012,,,NE,2.7,,
12219520,2025/09/12,02,0.001,0,0.002,0.002,0.1,,0.06,1.97,2.03,0.006,,,N,2.2,,
12219520,2025/09/12,03,0.001,0,0.005,0.005,0.2,,0.06,1.97,2.03,0.004,,,ENE,1.7,,
12219520,2025/09/12,04,0.001,0,0.004,0.004,0.2,,0.05,1.96,2.01,0.006,,,NNE,2.0,,
12219520,2025/09/12,05,0.001,0,0.005,0.005,0.1,,0.06,1.97,2.03,0.009,,,ENE,1.5,,
12219520,2025/09/12,06,0,0.001,0.004,0.005,0.1,,0.04,1.98,2.02,0.010,,,NE,0.9,,
12219520,2025/09/12,07,0,0.001,0.004,0.005,0.2,,0.05,1.98,2.03,0.011,,,NE,1.9,,
12219520,2025/09/12,08,0.001,0.001,0.005,0.006,0.2,,0.06,1.99,2.05,0.012,,,NE,2.2,,
12219520,2025/09/12,09,0.001,0.001,0.003,0.004,0.2,,0.06,1.97,2.03,0.017,,,ENE,2.2,,
12219520,2025/09/12,10,0.001,0.001,0.002,0.003,0.2,,0.05,1.97,2.02,0.008,,,ENE,2.3,,
12219520,2025/09/12,11,0,0.001,0.002,0.003,0.2,,0.06,1.97,2.03,0.009,,,ENE,2.7,,
12219520,2025/09/12,12,0,0,0.001,0.001,0.1,,0.05,1.96,2.01,0.009,,,ENE,2.7,,
12219520,2025/09/12,13,0,0,0.001,0.001,0.1,,0.03,1.97,2.00,0.016,,,E,2.3,,
12219520,2025/09/12,14,0,0.003,0.007,0.010,0.2,,0.06,2.00,2.06,0.022,,,NNE,2.5,,
12219520,2025/09/12,15,0.001,0.002,0.006,0.008,0.2,,0.17,1.98,2.15,0,,,NE,4.0,,
12219520,2025/09/12,16,0,0,0.003,0.003,0.1,,0.07,1.96,2.03,0.019,,,NE,3.0,,
12219520,2025/09/12,17,0,0,0.002,0.002,0.1,,0.07,1.96,2.03,0.011,,,NE,1.9,,
12219520,2025/09/12,18,0,0,0.005,0.005,0.2,,0.07,1.97,2.04,0.016,,,NE,1.8,,
12219520,2025/09/12,19,0,0,0.005,0.005,0.2,,0.07,1.97,2.04,0.013,,,NE,2.2,,
12219520,2025/09/12,20,0,0,0.003,0.003,0.2,,0.06,1.97,2.03,0.015,,,NE,1.8,,
12219520,2025/09/12,21,0,0,0.005,0.005,0.2,,0.07,1.97,2.04,0.014,,,NNE,1.8,,
12219520,2025/09/12,22,0.001,0,0.013,0.013,0.2,,0.11,1.99,2.10,0.017,,,E,1.8,,
12219520,2025/09/12,23,0.001,0,0.010,0.010,0.2,,0.09,2.00,2.09,0.018,,,ENE,1.4,,
12219520,2025/09/12,24,0.001,0,0.009,0.009,0.2,,0.07,2.00,2.07,0.015,,,ENE,1.0,,
12219520,2025/09/13,01,0.001,0,0.007,0.007,0.2,,0.08,2.00,2.08,0.017,,,ENE,1.1,,
12219520,2025/09/13,02,0,0,0.006,0.006,0.2,,0.08,2.00,2.08,0.017,,,ENE,1.2,,
12219520,2025/09/13,03,0,0,0.004,0.004,0.2,,0.06,2.02,2.08,0.013,,,ESE,1.8,,
12219520,2025/09/13,04,0,0.002,0.003,0.005,0.2,,0.06,2.02,2.08,0.016,,,ESE,1.5,,
12219520,2025/09/13,05,0,0.004,0.005,0.009,0.1,,0.05,2.03,2.08,0.016,,,ESE,0.9,,
12219520,2025/09/13,06,0,0.001,0.002,0.003,0.1,,0.06,2.04,2.10,0.022,,,ENE,1.0,,
12219520,2025/09/13,07,0,0.005,0.004,0.009,0.2,,0.06,2.06,2.12,0.023,,,ESE,1.4,,
12219520,2025/09/13,08,0,0.005,0.005,0.010,0.2,,0.05,2.06,2.11,0.026,,,ESE,1.8,,
12219520,2025/09/13,09,0,0.004,0.003,0.007,0.2,,0.06,2.07,2.13,0.019,,,SE,1.9,,
12219520,2025/09/13,10,0,0.009,0.002,0.011,0.2,,0.08,2.03,2.11,0,,,SSW,1.5,,
12219520,2025/09/13,11,0,0.009,0.003,0.012,0.2,,0.05,1.95,2.00,0.011,,,SW,2.3,,
12219520,2025/09/13,12,0.002,0.008,0.008,0.016,0.2,,0.17,1.97,2.14,0.006,,,SW,3.0,,
12219520,2025/09/13,13,0,0.003,0.001,0.004,0.1,,0.06,1.91,1.97,0.020,,,SE,3.3,,
12219520,2025/09/13,14,0,0.003,0,0.003,0.1,,0.05,1.91,1.96,0,,,SSW,3.4,,
12219520,2025/09/13,15,0,0.003,0.001,0.004,0.1,,0.04,1.90,1.94,0.015,,,SSW,4.3,,
12219520,2025/09/13,16,0,0.003,0.001,0.004,0.1,,0.04,1.89,1.93,0.011,,,SW,3.6,,
12219520,2025/09/13,17,0,0.002,0,0.002,0.1,,0.04,1.89,1.93,0.008,,,SSW,4.0,,
12219520,2025/09/13,18,0,0.002,0.001,0.003,0.1,,0.04,1.89,1.93,0.022,,,SSW,4.6,,
12219520,2025/09/13,19,0,0.001,0.001,0.002,0.1,,0.04,1.89,1.93,0.006,,,S,3.0,,
12219520,2025/09/13,20,0,0.001,0,0.001,0.1,,0.04,1.88,1.92,0.007,,,SSW,3.8,,
12219520,2025/09/13,21,0,0.001,0,0.001,0.1,,0.04,1.88,1.92,0.006,,,SSW,5.1,,
12219520,2025/09/13,22,0,0.001,0,0.001,0.1,,0.03,1.89,1.92,0.009,,,SSW,4.2,,
12219520,2025/09/13,23,0,0.001,0,0.001,0.1,,0.02,1.88,1.90,0.016,,,SW,4.5,,
12219520,2025/09/13,24,0,0,0,0,0.1,,0.04,1.88,1.92,0,,,SSW,6.0,,
12219520,2025/09/14,01,0,0,0,0,0.1,,0.03,1.89,1.92,0.021,,,SW,5.6,,
12219520,2025/09/14,02,0,0,0.001,0.001,0.1,,0.02,1.89,1.91,0.023,,,SSW,5.9,,
12219520,2025/09/14,03,0,0,0.001,0.001,0.1,,0.02,1.89,1.91,0.005,,,SW,4.4,,
12219520,2025/09/14,04,0,0,0.001,0.001,0.1,,0.02,1.89,1.91,0.023,,,SW,4.3,,
12219520,2025/09/14,05,0,0,0.003,0.003,0.1,,0.03,1.89,1.92,0.020,,,SW,3.9,,
12219520,2025/09/14,06,0,0.001,0.004,0.005,0.1,,0.03,1.89,1.92,0.017,,,SSW,3.8,,
12219520,2025/09/14,07,0,0.002,0.003,0.005,0.1,,0.04,1.89,1.93,0.017,,,SW,3.7,,
12219520,2025/09/14,08,0,0.003,0.004,0.007,0.1,,0.04,1.89,1.93,0.024,,,SW,5.2,,
12219520,2025/09/14,09,0,0.004,0.004,0.008,0.2,,0.05,1.90,1.95,0.006,,,SW,5.7,,
12219520,2025/09/14,10,0.001,0.005,0.006,0.011,0.4,,0.07,1.91,1.98,0,,,SW,5.0,,
12219520,2025/09/14,11,0.003,0.005,0.007,0.012,0.5,,0.07,1.91,1.98,0.028,,,SW,5.1,,
12219520,2025/09/14,12,0.005,0.005,0.006,0.011,0.5,,0.07,1.92,1.99,0.030,,,SW,4.4,,
12219520,2025/09/14,13,0.006,0.004,0.007,0.011,0.4,,0.10,1.92,2.02,0.026,,,SW,4.0,,
12219520,2025/09/14,14,0.004,0.003,0.005,0.008,0.4,,0.08,1.93,2.01,0.041,,,SSW,2.9,,
12219520,2025/09/14,15,0.001,0.001,0.002,0.003,0.2,,0.06,1.91,1.97,0.061,,,SSW,2.9,,
12219520,2025/09/14,16,0,0.001,0.002,0.003,0.1,,0.04,1.90,1.94,0.050,,,SSW,2.8,,
12219520,2025/09/14,17,0,0.002,0.003,0.005,0.2,,0.05,1.89,1.94,0.050,,,SSW,1.7,,
12219520,2025/09/14,18,0,0.001,0.005,0.006,0.2,,0.05,1.91,1.96,0.059,,,SSW,1.3,,
12219520,2025/09/14,19,0,0.002,0.005,0.007,0.2,,0.06,1.91,1.97,0.034,,,CALM,0.2,,
12219520,2025/09/14,20,0,0,0.005,0.005,0.2,,0.06,1.92,1.98,0.038,,,E,0.8,,
12219520,2025/09/14,21,0,0,0.006,0.006,0.2,,0.10,1.96,2.06,0.039,,,ENE,1.5,,
12219520,2025/09/14,22,0,0,0.006,0.006,0.2,,0.10,2.02,2.12,0.023,,,NE,1.7,,
12219520,2025/09/14,23,0,0,0.003,0.003,0.2,,0.09,1.97,2.06,0,,,ENE,1.9,,
12219520,2025/09/14,24,0,0,0.002,0.002,0.2,,0.08,1.96,2.04,0.021,,,NNE,2.4,,
12219520,2025/09/15,01,0,0,0.002,0.002,0.1,,0.06,1.96,2.02,0.013,,,NE,2.1,,
12219520,2025/09/15,02,-,-,-,-,-,,-,-,-,0.017,,,NE,1.7,,
12219520,2025/09/15,03,0,0,0.003,0.003,0.1,,0.07,1.96,2.03,0.009,,,ENE,1.8,,
12219520,2025/09/15,04,0,0,0,0,0.1,,0.05,1.97,2.02,0.008,,,NE,1.5,,
12219520,2025/09/15,05,0,0,0.002,0.002,0.2,,0.06,1.98,2.04,0.010,,,NE,1.5,,
12219520,2025/09/15,06,0,0,0.003,0.003,0.2,,0.04,1.98,2.02,0.007,,,NNE,2.1,,
12219520,2025/09/15,07,0.001,0,0.005,0.005,0.2,,0.07,1.99,2.06,0.018,,,ENE,1.8,,
12219520,2025/09/15,08,0.001,0.001,0.002,0.003,0.2,,0.04,1.99,2.03,0.012,,,NE,1.9,,
12219520,2025/09/15,09,0.001,0,0.002,0.002,0.2,,0.05,1.98,2.03,0.011,,,NE,2.2,,
12219520,2025/09/15,10,0.001,0.001,0.002,0.003,0.2,,0.05,1.97,2.02,0.013,,,ENE,1.9,,
12219520,2025/09/15,11,0.001,0,0.001,0.001,0.2,,0.06,1.97,2.03,0.020,,,NE,1.8,,
12219520,2025/09/15,12,0.001,0,0,0,0.2,,0.05,1.97,2.02,0.021,,,ENE,1.5,,
12219520,2025/09/15,13,0.001,0,0,0,0.2,,0.05,1.98,2.03,0.023,,,ENE,2.4,,
12219520,2025/09/15,14,0,0,0,0,0.2,,0.05,1.99,2.04,0.027,,,ENE,3.0,,
12219520,2025/09/15,15,0,0,0,0,0.1,,0.04,1.99,2.03,0.022,,,ENE,2.6,,
12219520,2025/09/15,16,0,0,0,0,0.1,,0.05,2.01,2.06,0.010,,,E,2.6,,
12219520,2025/09/15,17,0,0,0,0,0.1,,0.04,1.99,2.03,0.012,,,E,2.3,,
12219520,2025/09/15,18,0,0,0,0,0.1,,0.05,1.98,2.03,0.026,,,E,2.1,,
12219520,2025/09/15,19,0,0,0,0,0.1,,0.05,2.00,2.05,0.025,,,ENE,1.7,,
12219520,2025/09/15,20,0,0,0,0,0.1,,0.05,2.03,2.08,0.021,,,E,1.5,,
12219520,2025/09/15,21,0,0,0.001,0.001,0.2,,0.06,2.06,2.12,0.030,,,S,0.4,,
12219520,2025/09/15,22,0,0.001,0.001,0.002,0.2,,0.06,2.08,2.14,0.017,,,S,0.7,,
12219520,2025/09/15,23,0,0,0.001,0.001,0.2,,0.07,2.11,2.18,0.019,,,S,0.6,,
12219520,2025/09/15,24,0,0.002,0.003,0.005,0.2,,0.07,2.14,2.21,0.016,,,SE,0.4,,
12219520,2025/09/16,01,0,0.003,0.002,0.005,0.2,,0.06,2.15,2.21,0.020,,,ESE,0.6,,
12219520,2025/09/16,02,0,0.002,0.004,0.006,0.2,,0.08,2.18,2.26,0.020,,,SE,0.9,,
12219520,2025/09/16,03,0,0.002,0.002,0.004,0.2,,0.07,2.24,2.31,0.017,,,ESE,0.9,,
12219520,2025/09/16,04,0,0,0.003,0.003,0.1,,0.06,2.24,2.30,0.017,,,E,0.9,,
12219520,2025/09/16,05,0,0.007,0.005,0.012,0.1,,0.07,2.29,2.36,0.012,,,ESE,0.6,,
12219520,2025/09/16,06,0,0.013,0.006,0.019,0.2,,0.06,2.28,2.34,0.023,,,SE,0.4,,
12219520,2025/09/16,07,0,0.017,0.006,0.023,0.2,,0.08,2.24,2.32,0.021,,,E,1.2,,
12219520,2025/09/16,08,0,0.011,0.005,0.016,0.2,,0.07,2.17,2.24,0.029,,,SE,2.0,,
12219520,2025/09/16,09,0,0.007,0.006,0.013,0.2,,0.05,2.05,2.10,0,,,ESE,1.6,,
12219520,2025/09/16,10,0,0.009,0.005,0.014,0.2,,0.05,1.98,2.03,0.011,,,SSE,1.7,,
12219520,2025/09/16,11,0,0.006,0.004,0.010,0.2,,0.06,2.01,2.07,0.020,,,E,2.3,,
12219520,2025/09/16,12,0,0.004,0.003,0.007,0.2,,0.05,2.03,2.08,0.019,,,SE,1.4,,
12219520,2025/09/16,13,0,0.005,0.004,0.009,0.2,,0.05,2.06,2.11,0.039,,,ESE,2.0,,
12219520,2025/09/16,14,-,-,-,-,-,,0.07,1.99,2.06,0.007,,,S,1.9,,
12219520,2025/09/16,15,0.001,0.009,0.006,0.015,0.2,,-,-,-,0.012,,,S,2.0,,
12219520,2025/09/16,16,0,0.012,0.006,0.018,0.2,,0.06,1.96,2.02,0.003,,,SSW,2.7,,
12219520,2025/09/16,17,0,0.006,0,0.006,0.2,,0.04,1.96,2.00,0.009,,,S,2.5,,
12219520,2025/09/16,18,0,0.005,0.004,0.009,0.2,,0.05,1.96,2.01,0.020,,,SSE,1.2,,
12219520,2025/09/16,19,0,0.006,0.005,0.011,0.2,,0.10,1.98,2.08,0.022,,,SSE,0.8,,
12219520,2025/09/16,20,0,0.004,0.004,0.008,0.2,,0.05,1.98,2.03,0.025,,,SSE,1.1,,
12219520,2025/09/16,21,0,0.002,0.002,0.004,0.2,,0.07,2.03,2.10,0.023,,,SSE,1.0,,
12219520,2025/09/16,22,0,0.002,0.002,0.004,0.2,,0.06,2.03,2.09,0.014,,,ESE,1.0,,
12219520,2025/09/16,23,0,0,0.001,0.001,0.2,,0.07,2.03,2.10,0.014,,,SE,1.3,,
12219520,2025/09/16,24,0,0.002,0.001,0.003,0.1,,0.06,2.05,2.11,0.020,,,SSE,1.2,,
12219520,2025/09/17,01,0,0.002,0.001,0.003,0.1,,0.05,2.00,2.05,0.009,,,SSE,1.2,,
12219520,2025/09/17,02,0,0.003,0.001,0.004,0.1,,0.05,2.01,2.06,0.012,,,SE,1.1,,
12219520,2025/09/17,03,0,0.003,0.003,0.006,0.1,,0.06,2.01,2.07,0.011,,,SE,1.0,,
12219520,2025/09/17,04,0,0.004,0.002,0.006,0.1,,0.04,2.02,2.06,0.018,,,SE,1.3,,
12219520,2025/09/17,05,0,0.007,0.005,0.012,0.1,,0.04,1.99,2.03,0.025,,,SSE,1.1,,
12219520,2025/09/17,06,0,0.011,0.008,0.019,0.2,,0.05,1.99,2.04,0.027,,,ESE,0.9,,
12219520,2025/09/17,07,0,0.010,0.008,0.018,0.2,,0.05,2.03,2.08,0.051,,,SSE,1.1,,
12219520,2025/09/17,08,0,0.009,0.007,0.016,0.2,,0.05,1.98,2.03,0.032,,,SSW,3.1,,
12219520,2025/09/17,09,0,0.008,0.004,0.012,0.2,,0.06,1.95,2.01,0.002,,,SSW,2.9,,
12219520,2025/09/17,10,0.001,0.010,0.006,0.016,0.2,,0.06,1.95,2.01,0.004,,,WSW,4.5,,
12219520,2025/09/17,11,0.001,0.008,0.004,0.012,0.2,,0.06,1.95,2.01,0.026,,,SW,4.7,,
12219520,2025/09/17,12,0.001,0.009,0.005,0.014,0.2,,0.06,1.94,2.00,0.031,,,SW,3.8,,
12219520,2025/09/17,13,0.001,0.005,0.002,0.007,0.2,,0.05,1.92,1.97,0.055,,,S,3.5,,
12219520,2025/09/17,14,0.001,0.005,0.001,0.006,0.1,,0.05,1.91,1.96,0.051,,,SW,3.5,,
12219520,2025/09/17,15,0.001,0.006,0.002,0.008,0.1,,0.06,1.91,1.97,0.053,,,SSW,3.1,,
12219520,2025/09/17,16,0,0.008,0.003,0.011,0.2,,0.04,1.91,1.95,0.056,,,SW,3.3,,
12219520,2025/09/17,17,0,0.006,0.002,0.008,0.2,,0.04,1.91,1.95,0.061,,,SSW,2.7,,
12219520,2025/09/17,18,0,0.004,0.002,0.006,0.2,,0.05,1.91,1.96,0.043,,,S,2.0,,
12219520,2025/09/17,19,0,0.004,0.002,0.006,0.2,,0.05,1.91,1.96,0.070,,,SSE,2.0,,
12219520,2025/09/17,20,0,0.004,0.003,0.007,0.2,,0.06,1.93,1.99,0.078,,,SSE,1.4,,
12219520,2025/09/17,21,0,0.002,0.001,0.003,0.2,,0.06,1.93,1.99,0.051,,,SSE,1.6,,
12219520,2025/09/17,22,0,0.002,0.001,0.003,0.2,,0.05,1.93,1.98,0.055,,,SSE,0.9,,
12219520,2025/09/17,23,0,0,0.001,0.001,0.2,,0.03,1.93,1.96,0.060,,,SSE,1.5,,
12219520,2025/09/17,24,0,0.001,0.001,0.002,0.1,,0.04,1.94,1.98,0.065,,,SSW,2.4,,
12219520,2025/09/18,01,0,0.001,0.001,0.002,0.1,,0.04,1.91,1.95,0.047,,,SW,2.4,,
12219520,2025/09/18,02,0,0.001,0.002,0.003,0.1,,0.05,1.91,1.96,0.050,,,SSW,2.5,,
12219520,2025/09/18,03,0,0,0.001,0.001,0.1,,0.05,1.91,1.96,0.055,,,SW,3.4,,
12219520,2025/09/18,04,0,0.003,0.002,0.005,0.1,,0.06,1.92,1.98,0.072,,,SW,3.2,,
12219520,2025/09/18,05,0,0.002,0.005,0.007,0.1,,0.04,1.90,1.94,0.070,,,SSW,2.1,,
12219520,2025/09/18,06,0,0.009,0.006,0.015,0.1,,0.03,1.90,1.93,0.076,,,SSW,2.1,,
12219520,2025/09/18,07,0,0.009,0.004,0.013,0.1,,0.03,1.90,1.93,0.034,,,SSW,3.1,,
12219520,2025/09/18,08,0,0.007,0.003,0.010,0.1,,0.04,1.90,1.94,0.047,,,SW,4.5,,
12219520,2025/09/18,09,0,0.006,0.003,0.009,0.1,,0.05,1.90,1.95,0.032,,,SW,5.4,,
12219520,2025/09/18,10,0.001,0.008,0.004,0.012,0.1,,0.06,1.90,1.96,0.055,,,SW,5.1,,
12219520,2025/09/18,11,0.001,0.007,0.003,0.010,0.1,,0.04,1.90,1.94,0.047,,,SW,5.3,,
12219520,2025/09/18,12,0.001,0.008,0,0.008,0.2,,0.06,1.91,1.97,0.040,,,SW,3.9,,
12219520,2025/09/18,13,0.004,0.007,0.013,0.020,0.3,,0.06,1.91,1.97,0.049,,,SSW,3.1,,
12219520,2025/09/18,14,0.004,0.008,0.009,0.017,0.3,,0.06,1.92,1.98,0.044,,,SSW,3.1,,
12219520,2025/09/18,15,0.002,0.007,0.007,0.014,0.2,,0.06,1.94,2.00,0.045,,,SSW,2.4,,
12219520,2025/09/18,16,0.003,0.009,0.015,0.024,0.3,,0.09,1.95,2.04,0.040,,,NW,1.9,,
12219520,2025/09/18,17,0.002,0.001,0.009,0.010,0.3,,0.14,1.97,2.11,0.004,,,NE,2.9,,
12219520,2025/09/18,18,0.001,0,0.005,0.005,0.2,,0.07,1.97,2.04,0.026,,,E,2.5,,
12219520,2025/09/18,19,0.001,0,0.004,0.004,0.2,,0.07,1.97,2.04,0.007,,,NE,3.0,,
12219520,2025/09/18,20,0.001,0,0.005,0.005,0.2,,0.06,1.96,2.02,0.022,,,ENE,2.9,,
12219520,2025/09/18,21,0.001,0,0.004,0.004,0.2,,0.06,1.98,2.04,0.012,,,NE,4.1,,
12219520,2025/09/18,22,0.001,0.001,0.003,0.004,0.2,,0.05,1.99,2.04,0.014,,,NE,2.2,,
12219520,2025/09/18,23,0.001,0,0.002,0.002,0.2,,0.03,1.99,2.02,0.013,,,NE,2.2,,
12219520,2025/09/18,24,0.001,0,0.003,0.003,0.2,,0.05,2.00,2.05,0.007,,,NE,1.7,,
12219520,2025/09/19,01,0.001,0,0.002,0.002,0.2,,0.05,2.01,2.06,0.002,,,ENE,2.6,,
12219520,2025/09/19,02,0,0,0.002,0.002,0.1,,0.04,2.00,2.04,0.005,,,ENE,4.2,,
12219520,2025/09/19,03,0,0,0.001,0.001,0.1,,0.04,1.99,2.03,0.009,,,NE,2.5,,
12219520,2025/09/19,04,0,0.001,0.004,0.005,0.2,,0.06,2.00,2.06,0,,,NNE,3.8,,
12219520,2025/09/19,05,0,0,0.004,0.004,0.1,,0.04,2.01,2.05,0.009,,,NE,2.3,,
12219520,2025/09/19,06,0.001,0,0.003,0.003,0.2,,0.03,2.00,2.03,0.004,,,ENE,1.9,,
12219520,2025/09/19,07,0.001,0.001,0.006,0.007,0.2,,0.06,2.01,2.07,0.007,,,NE,1.0,,
12219520,2025/09/19,08,0.002,0.002,0.009,0.011,0.2,,0.11,2.01,2.12,0.009,,,NE,1.6,,
12219520,2025/09/19,09,0.002,0.003,0.012,0.015,0.2,,0.12,2.02,2.14,0.012,,,NNE,2.5,,
12219520,2025/09/19,10,0.003,0.005,0.012,0.017,0.4,,0.10,2.06,2.16,0.016,,,NNE,3.4,,
12219520,2025/09/19,11,0.001,0.001,0.004,0.005,0.2,,0.08,2.03,2.11,0.010,,,NNE,4.1,,
12219520,2025/09/19,12,0.001,0.002,0.003,0.005,0.2,,0.06,2.02,2.08,0.009,,,NNE,3.4,,
12219520,2025/09/19,13,0.001,0.001,0.002,0.003,0.2,,0.06,2.01,2.07,0.010,,,NE,2.7,,
12219520,2025/09/19,14,0.001,0.001,0.001,0.002,0.2,,0.05,2.00,2.05,0.009,,,NE,3.5,,
12219520,2025/09/19,15,0.001,0,0,0,0.2,,0.04,2.01,2.05,0.006,,,NE,3.1,,
12219520,2025/09/19,16,0.001,0,0.001,0.001,0.2,,0.03,2.01,2.04,0.010,,,NE,2.3,,
12219520,2025/09/19,17,0.001,0,0.002,0.002,0.2,,0.04,2.01,2.05,0.013,,,NE,2.2,,
12219520,2025/09/19,18,0.001,0,0.004,0.004,0.2,,0.04,2.01,2.05,0.014,,,NE,2.2,,
12219520,2025/09/19,19,0.001,0,0.005,0.005,0.2,,0.05,2.01,2.06,0.015,,,NE,1.7,,
12219520,2025/09/19,20,0.001,0.001,0.006,0.007,0.2,,0.06,2.01,2.07,0.015,,,NE,1.7,,
12219520,2025/09/19,21,0.001,0,0.005,0.005,0.2,,0.07,2.01,2.08,0.016,,,NE,1.6,,
12219520,2025/09/19,22,0.001,0,0.005,0.005,0.2,,0.06,2.01,2.07,0.012,,,NE,1.8,,
12219520,2025/09/19,23,0.001,0,0.005,0.005,0.2,,0.06,2.01,2.07,0.014,,,NE,2.0,,
12219520,2025/09/19,24,0.001,0,0.004,0.004,0.2,,0.06,2.02,2.08,0.014,,,ENE,3.0,,
12219520,2025/09/20,01,0,0,0,0,0.1,,0.04,2.02,2.06,0.019,,,ENE,2.5,,
12219520,2025/09/20,02,0,0,0,0,0.1,,0.04,2.01,2.05,0.010,,,ENE,2.7,,
12219520,2025/09/20,03,0,0,0,0,0.1,,0.03,2.00,2.03,0.005,,,NE,1.6,,
12219520,2025/09/20,04,0,0,0,0,0.1,,0.03,2.00,2.03,0.007,,,NE,2.0,,
12219520,2025/09/20,05,0,0,0,0,0.1,,0.03,2.00,2.03,0.008,,,NNE,1.9,,
12219520,2025/09/20,06,0,0.001,0.001,0.002,0.1,,0.04,2.01,2.05,0.008,,,NE,1.3,,
12219520,2025/09/20,07,0.001,0.001,0.002,0.003,0.1,,0.04,2.00,2.04,0.007,,,NE,1.7,,
12219520,2025/09/20,08,0.002,0.006,0.005,0.011,0.2,,0.05,2.00,2.05,0.011,,,NE,1.4,,
12219520,2025/09/20,09,0.001,0.002,0.004,0.006,0.2,,0.04,2.01,2.05,0.013,,,ENE,1.3,,
12219520,2025/09/20,10,0.001,0.002,0.003,0.005,0.2,,0.04,2.00,2.04,0.012,,,ESE,1.4,,
12219520,2025/09/20,11,0.001,0.004,0.002,0.006,0.2,,0.04,2.01,2.05,0.011,,,ESE,1.9,,
12219520,2025/09/20,12,0.001,0.004,0.003,0.007,0.2,,0.05,2.02,2.07,0.012,,,SE,2.3,,
12219520,2025/09/20,13,0,0.004,0.003,0.007,0.2,,0.07,2.02,2.09,0.014,,,SE,2.3,,
12219520,2025/09/20,14,0,0.003,0.003,0.006,0.2,,0.05,2.00,2.05,0.013,,,SE,3.0,,
12219520,2025/09/20,15,0,0.004,0.002,0.006,0.2,,0.04,1.98,2.02,0.008,,,S,2.4,,
12219520,2025/09/20,16,0,0.006,0.001,0.007,0.2,,0.05,1.98,2.03,0.017,,,S,2.1,,
12219520,2025/09/20,17,0,0.005,0.002,0.007,0.2,,0.05,1.97,2.02,0.012,,,SSE,2.1,,
12219520,2025/09/20,18,0,0.002,0,0.002,0.2,,0.05,1.97,2.02,0.025,,,SSE,1.8,,
12219520,2025/09/20,19,0,0.001,0,0.001,0.2,,0.06,1.97,2.03,0.018,,,SE,1.6,,
12219520,2025/09/20,20,0,0.001,0,0.001,0.2,,0.05,1.98,2.03,0.017,,,SSE,1.5,,
12219520,2025/09/20,21,0,0.001,0,0.001,0.1,,0.04,1.96,2.00,0.018,,,S,1.8,,
12219520,2025/09/20,22,0,0.001,0,0.001,0.2,,0.04,1.94,1.98,0.020,,,S,2.3,,
12219520,2025/09/20,23,0,0,0,0,0.1,,0.03,1.92,1.95,0.005,,,SSW,5.2,,
12219520,2025/09/20,24,0,0.001,0,0.001,0.1,,0.03,1.92,1.95,0.019,,,SSW,5.9,,
12219520,2025/09/21,01,0,0,0,0,0.1,,0.03,1.94,1.97,0.017,,,SSW,6.4,,
12219520,2025/09/21,02,0,0,0,0,0.1,,0.03,1.94,1.97,0.027,,,SW,6.3,,
12219520,2025/09/21,03,0,0,0,0,0.1,,0.03,1.94,1.97,0.042,,,SW,5.9,,
12219520,2025/09/21,04,0,0,0,0,0.1,,0.03,1.93,1.96,0.038,,,SW,5.5,,
12219520,2025/09/21,05,0,0.001,0.001,0.002,0.1,,0.03,1.92,1.95,0.042,,,SW,3.6,,
12219520,2025/09/21,06,0,0.001,0.001,0.002,0.1,,0.02,1.90,1.92,0.032,,,SW,3.7,,
12219520,2025/09/21,07,0.001,0.003,0.008,0.011,0.2,,0.06,1.91,1.97,0,,,WNW,2.0,,
12219520,2025/09/21,08,0.001,0.006,0.012,0.018,0.2,,0.85,2.03,2.88,0.003,,,NW,1.2,,
12219520,2025/09/21,09,0.002,0.006,0.010,0.016,0.2,,0.24,2.06,2.30,0.002,,,WNW,2.5,,
12219520,2025/09/21,10,0.001,0.005,0.008,0.013,0.2,,0.35,2.05,2.40,0.007,,,WNW,3.3,,
12219520,2025/09/21,11,0.002,0.005,0.007,0.012,0.2,,0.12,2.04,2.16,0.006,,,WNW,2.5,,
12219520,2025/09/21,12,0.002,0.003,0.006,0.009,0.2,,0.11,2.03,2.14,0.001,,,N,2.2,,
12219520,2025/09/21,13,0.002,0.001,0.003,0.004,0.3,,0.08,2.02,2.10,0.003,,,NNE,2.6,,
12219520,2025/09/21,14,0.002,0.001,0.004,0.005,0.3,,0.06,2.03,2.09,0.018,,,ENE,3.7,,
12219520,2025/09/21,15,0.001,0,0,0,0.2,,0.07,2.03,2.10,0.004,,,ESE,3.3,,
12219520,2025/09/21,16,0.001,0.001,0,0.001,0.2,,0.08,2.01,2.09,0.008,,,E,3.8,,
12219520,2025/09/21,17,0,0,0,0,0.2,,0.03,2.01,2.04,0.002,,,E,3.0,,
12219520,2025/09/21,18,0,0,0,0,0.1,,0.04,2.03,2.07,0.014,,,ENE,3.0,,
12219520,2025/09/21,19,0,0,0,0,0.1,,0.04,2.04,2.08,0.007,,,E,2.7,,
12219520,2025/09/21,20,0,0,0,0,0.1,,0.04,2.07,2.11,0.008,,,ENE,2.7,,
12219520,2025/09/21,21,0,0,0,0,0.1,,0.04,2.09,2.13,0.006,,,ENE,2.8,,
12219520,2025/09/21,22,0,0,0,0,0.1,,0.04,2.02,2.06,0.005,,,NE,2.3,,
12219520,2025/09/21,23,0,0,0.002,0.002,0.1,,0.05,2.01,2.06,0.002,,,NNE,2.1,,
12219520,2025/09/21,24,0.001,0,0.005,0.005,0.2,,0.06,2.02,2.08,0.007,,,N,2.8,,
12219520,2025/09/22,01,0.001,0,0.004,0.004,0.2,,0.10,2.03,2.13,0.005,,,N,2.4,,
12219520,2025/09/22,02,-,-,-,-,-,,-,-,-,0.007,,,NNE,3.6,,
12219520,2025/09/22,03,0.001,0,0.004,0.004,0.1,,0.05,2.02,2.07,0.007,,,NE,2.9,,
12219520,2025/09/22,04,0,0,0.002,0.002,0.1,,0.03,2.01,2.04,0.007,,,NE,1.7,,
12219520,2025/09/22,05,0,0,0.004,0.004,0.1,,0.04,2.01,2.05,0.007,,,NE,1.5,,
12219520,2025/09/22,06,0,0.001,0.007,0.008,0.1,,0.06,2.03,2.09,0.005,,,NNE,2.8,,
12219520,2025/09/22,07,0,0.001,0.007,0.008,0.2,,0.07,2.03,2.10,0.005,,,NE,4.1,,
12219520,2025/09/22,08,0,0.001,0.005,0.006,0.1,,0.07,2.03,2.10,0.008,,,NNE,3.2,,
12219520,2025/09/22,09,0,0.001,0.004,0.005,0.1,,0.06,2.03,2.09,0.005,,,NE,3.9,,
12219520,2025/09/22,10,0,0.001,0.003,0.004,0.1,,0.05,2.02,2.07,0.006,,,NE,4.8,,
12219520,2025/09/22,11,0,0.001,0.003,0.004,0.1,,0.04,2.02,2.06,0.005,,,NNE,3.9,,
12219520,2025/09/22,12,0,0,0.002,0.002,0.1,,0.05,2.01,2.06,0.008,,,NE,4.3,,
12219520,2025/09/22,13,0,0,0.002,0.002,0.1,,0.04,2.01,2.05,0.007,,,NE,4.3,,
12219520,2025/09/22,14,0,0,0.002,0.002,0.1,,-,-,-,0.010,,,ENE,4.1,,
12219520,2025/09/22,15,0.001,0,0.002,0.002,0.2,,0.04,2.01,2.05,0.010,,,ENE,5.6,,
12219520,2025/09/22,16,0.001,0,0.002,0.002,0.1,,0.05,2.01,2.06,0.006,,,ENE,3.7,,
12219520,2025/09/22,17,0,0,0.002,0.002,0.1,,0.03,2.01,2.04,0.009,,,ENE,4.3,,
12219520,2025/09/22,18,0,0,0.002,0.002,0.1,,0.05,2.00,2.05,0.008,,,ENE,2.5,,
12219520,2025/09/22,19,0,0,0.003,0.003,0.2,,0.04,2.01,2.05,0.008,,,NE,2.1,,
12219520,2025/09/22,20,0,0,0.003,0.003,0.2,,0.05,2.01,2.06,0.009,,,NE,2.3,,
12219520,2025/09/22,21,0,0,0.005,0.005,0.2,,0.05,2.01,2.06,0.008,,,NE,2.3,,
12219520,2025/09/22,22,0,0,0.012,0.012,0.2,,0.07,2.02,2.09,0.009,,,NE,1.9,,
12219520,2025/09/22,23,0.001,0,0.012,0.012,0.2,,0.08,2.03,2.11,0.009,,,NE,1.6,,
12219520,2025/09/22,24,0.001,0.001,0.010,0.011,0.2,,0.07,2.03,2.10,0.009,,,ESE,0.8,,
12219520,2025/09/23,01,0,0.002,0.012,0.014,0.2,,0.08,2.05,2.13,0.011,,,SSE,0.3,,
12219520,2025/09/23,02,0.001,0,0.010,0.010,0.3,,0.10,2.10,2.20,0.011,,,N,1.3,,
12219520,2025/09/23,03,0.001,0,0.007,0.007,0.3,,0.11,2.04,2.15,0.010,,,NNE,1.9,,
12219520,2025/09/23,04,0.006,0,0.010,0.010,0.7,,0.09,2.04,2.13,0.015,,,NNE,2.0,,
12219520,2025/09/23,05,0.004,0.006,0.009,0.015,0.4,,0.10,2.03,2.13,0.012,,,N,1.7,,
12219520,2025/09/23,06,0.003,0.001,0.007,0.008,0.2,,0.10,2.03,2.13,0.015,,,NNE,2.6,,
12219520,2025/09/23,07,0.001,0.001,0.008,0.009,0.2,,0.07,2.04,2.11,0.007,,,NNE,2.9,,
12219520,2025/09/23,08,0.002,0.004,0.009,0.013,0.2,,0.09,2.05,2.14,0.010,,,NNE,3.2,,
12219520,2025/09/23,09,0.001,0.001,0.004,0.005,0.2,,0.07,2.02,2.09,0.008,,,NNE,2.9,,
12219520,2025/09/23,10,0.001,0.001,0.003,0.004,0.1,,0.06,2.01,2.07,0.010,,,NNE,3.0,,
12219520,2025/09/23,11,0.001,0,0.002,0.002,0.1,,0.05,2.01,2.06,0.009,,,NNE,2.1,,
12219520,2025/09/23,12,0,0.001,0.002,0.003,0.2,,0.06,2.01,2.07,0.008,,,ENE,2.8,,
12219520,2025/09/23,13,0,0,0.002,0.002,0.1,,0.04,1.99,2.03,0.009,,,NE,3.2,,
12219520,2025/09/23,14,0.001,0,0.001,0.001,0.1,,0.04,1.99,2.03,0.012,,,NNE,3.3,,
12219520,2025/09/23,15,0,0,0.001,0.001,0.1,,0.04,1.99,2.03,0.010,,,NE,3.6,,
12219520,2025/09/23,16,0,0,0.002,0.002,0.1,,0.04,1.99,2.03,0.010,,,NE,3.0,,
12219520,2025/09/23,17,0,0,0.002,0.002,0.1,,0.03,1.99,2.02,0.009,,,NE,3.6,,
12219520,2025/09/23,18,0,0,0.003,0.003,0.1,,0.04,1.99,2.03,0.011,,,NE,2.2,,
12219520,2025/09/23,19,0,0,0.005,0.005,0.2,,0.05,2.00,2.05,0.009,,,NNE,2.5,,
12219520,2025/09/23,20,0,0,0.006,0.006,0.2,,0.07,2.01,2.08,0.010,,,NNE,2.2,,
12219520,2025/09/23,21,0,0,0.007,0.007,0.2,,0.07,2.01,2.08,0.008,,,NE,2.2,,
12219520,2025/09/23,22,0,0,0.008,0.008,0.2,,0.10,2.03,2.13,0.010,,,NNE,1.9,,
12219520,2025/09/23,23,0,0,0.008,0.008,0.2,,0.12,2.03,2.15,0.010,,,NE,2.0,,
12219520,2025/09/23,24,0,0,0.007,0.007,0.2,,0.12,2.04,2.16,0.012,,,ENE,1.3,,
12219520,2025/09/24,01,0,0,0.003,0.003,0.1,,0.08,2.04,2.12,0.006,,,ENE,1.3,,
12219520,2025/09/24,02,0,0,0.005,0.005,0.2,,0.05,2.05,2.10,0.010,,,NE,1.4,,
12219520,2025/09/24,03,0,0,0.006,0.006,0.2,,0.08,2.06,2.14,0.009,,,NNE,0.9,,
12219520,2025/09/24,04,0.001,0.001,0.009,0.010,0.2,,0.10,2.07,2.17,0.012,,,NE,1.0,,
12219520,2025/09/24,05,0.001,0,0.010,0.010,0.1,,0.11,2.07,2.18,0.011,,,NE,1.4,,
12219520,2025/09/24,06,0,0.013,0.020,0.033,0.2,,0.08,2.12,2.20,0.012,,,ESE,1.0,,
12219520,2025/09/24,07,0,0.010,0.011,0.021,0.2,,0.09,2.12,2.21,0.008,,,NE,0.7,,
12219520,2025/09/24,08,0,0.003,0.007,0.010,0.2,,0.09,2.05,2.14,0.008,,,NE,1.8,,
12219520,2025/09/24,09,0,0.001,0.004,0.005,0.2,,0.06,2.03,2.09,0.009,,,NE,2.6,,
12219520,2025/09/24,10,0.001,0.001,0.004,0.005,0.2,,0.05,2.02,2.07,0.009,,,NE,2.8,,
12219520,2025/09/24,11,0.001,0.001,0.004,0.005,0.2,,0.05,2.01,2.06,0.009,,,NNE,2.2,,
12219520,2025/09/24,12,0.001,0.001,0.002,0.003,0.2,,0.05,2.00,2.05,0.011,,,ENE,2.4,,
12219520,2025/09/24,13,0.001,0.002,0.002,0.004,0.1,,0.04,2.01,2.05,0.011,,,ENE,3.1,,
12219520,2025/09/24,14,0.001,0.001,0.002,0.003,0.1,,0.04,2.00,2.04,0.012,,,ENE,3.1,,
12219520,2025/09/24,15,0,0,0.001,0.001,0.1,,0.04,2.01,2.05,0.012,,,E,3.9,,
12219520,2025/09/24,16,0,0.001,0.002,0.003,0.1,,0.05,2.01,2.06,0.010,,,E,3.1,,
12219520,2025/09/24,17,0,0.001,0.001,0.002,0.1,,0.04,2.01,2.05,0.009,,,E,3.4,,
12219520,2025/09/24,18,0,0,0.002,0.002,0.1,,0.04,2.02,2.06,0.009,,,E,2.0,,
12219520,2025/09/24,19,0,0,0.003,0.003,0.2,,0.05,2.04,2.09,0.009,,,ENE,1.8,,
12219520,2025/09/24,20,0,0,0.003,0.003,0.1,,0.06,2.06,2.12,0.008,,,ENE,1.6,,
12219520,2025/09/24,21,0,0,0.003,0.003,0.1,,0.07,2.06,2.13,0.007,,,ENE,0.9,,
12219520,2025/09/24,22,0,0.001,0.005,0.006,0.1,,0.07,2.09,2.16,0.010,,,E,1.1,,
12219520,2025/09/24,23,0,0,0.007,0.007,0.2,,0.09,2.09,2.18,0.010,,,SE,0.6,,
12219520,2025/09/24,24,0,0.001,0.007,0.008,0.2,,0.11,2.14,2.25,0.011,,,E,0.8,,
12219520,2025/09/25,01,0,0.002,0.004,0.006,0.2,,0.07,2.14,2.21,0.008,,,SE,0.6,,
12219520,2025/09/25,02,0,0.001,0.004,0.005,0.1,,0.07,2.16,2.23,0.009,,,SE,0.6,,
12219520,2025/09/25,03,0,0.004,0.005,0.009,0.1,,0.06,2.18,2.24,0.011,,,SE,1.1,,
12219520,2025/09/25,04,0,0.012,0.006,0.018,0.1,,0.06,2.24,2.30,0.009,,,SSE,0.7,,
12219520,2025/09/25,05,0,0.008,0.005,0.013,0.1,,0.06,2.26,2.32,0.010,,,SE,1.2,,
12219520,2025/09/25,06,0,0.025,0.010,0.035,0.2,,0.06,2.26,2.32,0.011,,,SE,0.8,,
12219520,2025/09/25,07,0,0.029,0.009,0.038,0.2,,0.08,2.22,2.30,0.013,,,SE,0.9,,
12219520,2025/09/25,08,0,0.013,0.012,0.025,0.2,,0.09,2.15,2.24,0.015,,,SSE,0.8,,
12219520,2025/09/25,09,0,0.012,0.008,0.020,0.2,,0.06,2.09,2.15,0.013,,,SSE,1.3,,
12219520,2025/09/25,10,0,0.012,0.010,0.022,0.1,,0.05,2.02,2.07,0.008,,,S,2.5,,
12219520,2025/09/25,11,0.003,0.014,0.014,0.028,0.2,,0.08,2.01,2.09,0.014,,,W,2.7,,
12219520,2025/09/25,12,0.003,0.012,0.012,0.024,0.2,,0.24,2.03,2.27,0.008,,,WSW,2.8,,
12219520,2025/09/25,13,0.001,0.006,0.006,0.012,0.1,,0.05,1.99,2.04,0.009,,,SW,3.5,,
12219520,2025/09/25,14,0.001,0.007,0.008,0.015,0.1,,0.04,1.99,2.03,0.007,,,SW,3.2,,
12219520,2025/09/25,15,0.002,0.009,0.007,0.016,0.1,,0.05,1.99,2.04,0.011,,,SW,3.7,,
12219520,2025/09/25,16,0.001,0.009,0.005,0.014,0.1,,0.04,1.99,2.03,0.011,,,SW,3.0,,
12219520,2025/09/25,17,0,0.008,0.008,0.016,0.2,,0.04,1.99,2.03,0.009,,,SSW,2.6,,
12219520,2025/09/25,18,0,0.004,0.007,0.011,0.2,,0.04,1.99,2.03,0.015,,,SSW,1.7,,
12219520,2025/09/25,19,0,0.005,0.005,0.010,0.2,,0.05,2.01,2.06,0.012,,,S,0.9,,
12219520,2025/09/25,20,0,0.002,0.006,0.008,0.2,,0.06,2.02,2.08,0.016,,,SE,1.5,,
12219520,2025/09/25,21,0,0.002,0.005,0.007,0.2,,0.05,2.02,2.07,0.013,,,SE,1.4,,
12219520,2025/09/25,22,0,0.001,0.003,0.004,0.2,,0.06,2.03,2.09,0.014,,,SE,1.4,,
12219520,2025/09/25,23,0,0.002,0.003,0.005,0.1,,0.05,2.03,2.08,0.011,,,SE,1.0,,
12219520,2025/09/25,24,0,0.001,0.003,0.004,0.1,,0.05,2.04,2.09,0.015,,,ESE,0.7,,
12219520,2025/09/26,01,0,0.001,0.004,0.005,0.2,,0.06,2.06,2.12,0.016,,,SE,0.6,,
12219520,2025/09/26,02,0,0.002,0.004,0.006,0.1,,0.04,2.06,2.10,0.013,,,SSE,0.8,,
12219520,2025/09/26,03,0,0.003,0.004,0.007,0.1,,0.04,2.06,2.10,0.013,,,SE,1.0,,
12219520,2025/09/26,04,0,0.008,0.006,0.014,0.1,,0.05,2.07,2.12,0.015,,,SE,0.9,,
12219520,2025/09/26,05,0,0.016,0.010,0.026,0.1,,0.05,2.09,2.14,0.013,,,SE,0.8,,
12219520,2025/09/26,06,0,0.012,0.012,0.024,0.2,,0.06,2.12,2.18,0.011,,,ENE,0.6,,
12219520,2025/09/26,07,0,0.015,0.014,0.029,0.2,,0.08,2.11,2.19,0.027,,,S,0.3,,
12219520,2025/09/26,08,0.001,0.016,0.021,0.037,0.4,,0.16,2.06,2.22,0.026,,,S,0.4,,
12219520,2025/09/26,09,0.003,0.015,0.023,0.038,0.5,,0.35,2.08,2.43,0.014,,,NNW,0.8,,
12219520,2025/09/26,10,0.006,0.021,0.027,0.048,0.3,,0.28,2.03,2.31,0.016,,,NW,1.6,,
12219520,2025/09/26,11,0.002,0.007,0.012,0.019,0.3,,0.16,2.04,2.20,0.014,,,NE,1.7,,
12219520,2025/09/26,12,0.001,0.002,0.005,0.007,0.2,,0.08,2.02,2.10,0.015,,,E,1.7,,
12219520,2025/09/26,13,0.001,0.001,0.004,0.005,0.2,,0.07,2.02,2.09,0.017,,,E,2.5,,
12219520,2025/09/26,14,0.001,0.002,0.005,0.007,0.2,,0.08,2.07,2.15,0.018,,,E,3.3,,
12219520,2025/09/26,15,0.001,0.001,0.005,0.006,0.2,,0.07,2.07,2.14,0.032,,,E,3.4,,
12219520,2025/09/26,16,0.001,0,0.004,0.004,0.2,,0.08,2.06,2.14,0.023,,,E,3.0,,
12219520,2025/09/26,17,0.001,0,0.003,0.003,0.2,,0.07,2.06,2.13,0.021,,,ENE,2.9,,
12219520,2025/09/26,18,0.002,0,0.003,0.003,0.3,,0.06,2.07,2.13,0.046,,,E,2.3,,
12219520,2025/09/26,19,0.002,0,0.003,0.003,0.3,,0.08,2.11,2.19,0.051,,,E,1.7,,
12219520,2025/09/26,20,0.001,0,0.004,0.004,0.3,,0.07,2.14,2.21,0.042,,,E,1.2,,
12219520,2025/09/26,21,0.001,0,0.003,0.003,0.3,,0.07,2.17,2.24,0.034,,,ENE,1.7,,
12219520,2025/09/26,22,0.001,0,0.003,0.003,0.3,,0.08,2.15,2.23,0.030,,,ENE,2.1,,
12219520,2025/09/26,23,0.001,0,0.003,0.003,0.2,,0.07,2.06,2.13,0.032,,,ENE,1.8,,
12219520,2025/09/26,24,0.001,0,0.002,0.002,0.2,,0.07,2.09,2.16,0.028,,,ENE,1.6,,
12219520,2025/09/27,01,0.001,0,0.003,0.003,0.2,,0.07,2.06,2.13,0.027,,,NE,1.1,,
12219520,2025/09/27,02,0,0,0.002,0.002,0.2,,0.07,2.06,2.13,0.018,,,ENE,1.4,,
12219520,2025/09/27,03,0,0,0.004,0.004,0.2,,0.07,2.04,2.11,0.018,,,NE,1.9,,
12219520,2025/09/27,04,0,0,0.003,0.003,0.2,,0.06,2.01,2.07,0.013,,,NE,2.2,,
12219520,2025/09/27,05,0.001,0,0.002,0.002,0.1,,0.05,1.99,2.04,0.003,,,NE,1.6,,
12219520,2025/09/27,06,0.001,0,0.004,0.004,0.1,,0.04,1.99,2.03,0.009,,,NE,1.1,,
12219520,2025/09/27,07,0.001,0.001,0.005,0.006,0.1,,0.05,2.00,2.05,0.002,,,NE,2.3,,
12219520,2025/09/27,08,0.001,0.001,0.007,0.008,0.2,,0.06,2.01,2.07,0.011,,,NE,2.4,,
12219520,2025/09/27,09,0,0.001,0.004,0.005,0.2,,0.06,2.01,2.07,0.007,,,NE,1.8,,
12219520,2025/09/27,10,0,0,0.003,0.003,0.2,,0.06,2.01,2.07,0,,,ENE,3.3,,
12219520,2025/09/27,11,0,0,0.002,0.002,0.2,,0.05,2.01,2.06,0.012,,,ENE,4.1,,
12219520,2025/09/27,12,0,0,0.002,0.002,0.2,,0.05,2.01,2.06,0.009,,,ENE,3.0,,
12219520,2025/09/27,13,0,0,0.002,0.002,0.2,,0.04,2.01,2.05,0.009,,,ENE,3.6,,
12219520,2025/09/27,14,0,0.001,0.002,0.003,0.2,,0.05,2.03,2.08,0.009,,,E,2.8,,
12219520,2025/09/27,15,0,0,0.001,0.001,0.2,,0.05,2.02,2.07,0.009,,,ESE,2.5,,
12219520,2025/09/27,16,0,0,0.002,0.002,0.2,,0.05,2.02,2.07,0.007,,,ESE,3.3,,
12219520,2025/09/27,17,0,0,0.001,0.001,0.2,,0.04,2.02,2.06,0.013,,,E,2.9,,
12219520,2025/09/27,18,0,0.001,0.004,0.005,0.2,,0.05,2.02,2.07,0.014,,,ESE,1.3,,
12219520,2025/09/27,19,0,0,0.003,0.003,0.2,,0.05,2.05,2.10,0.015,,,E,1.5,,
12219520,2025/09/27,20,0,0,0.004,0.004,0.2,,0.06,2.11,2.17,0.018,,,E,1.5,,
12219520,2025/09/27,21,0,0,0.003,0.003,0.2,,0.07,2.13,2.20,0.014,,,ENE,1.3,,
12219520,2025/09/27,22,0,0,0.004,0.004,0.2,,0.08,2.15,2.23,0.012,,,ENE,1.7,,
12219520,2025/09/27,23,0,0,0.003,0.003,0.2,,0.07,2.15,2.22,0.013,,,ENE,0.9,,
12219520,2025/09/27,24,0,0,0.003,0.003,0.2,,0.09,2.21,2.30,0.013,,,NE,0.7,,
12219520,2025/09/28,01,0,0,0.002,0.002,0.2,,0.07,2.17,2.24,0.016,,,ENE,1.2,,
12219520,2025/09/28,02,0,0.001,0.004,0.005,0.2,,0.07,2.16,2.23,0.016,,,SSE,0.6,,
12219520,2025/09/28,03,0,0.001,0.005,0.006,0.2,,0.10,2.25,2.35,0.014,,,S,0.4,,
12219520,2025/09/28,04,0,0.001,0.003,0.004,0.2,,0.08,2.26,2.34,0.013,,,E,0.8,,
12219520,2025/09/28,05,0,0.002,0.005,0.007,0.2,,0.09,2.28,2.37,0.014,,,SSE,0.6,,
12219520,2025/09/28,06,0,0.003,0.004,0.007,0.2,,0.07,2.29,2.36,0.012,,,E,0.7,,
12219520,2025/09/28,07,0,0.005,0.005,0.010,0.2,,0.09,2.25,2.34,0.016,,,SE,0.4,,
12219520,2025/09/28,08,0,0.003,0.005,0.008,0.2,,0.07,2.16,2.23,0.017,,,SW,0.4,,
12219520,2025/09/28,09,0,0.003,0.004,0.007,0.2,,0.07,2.11,2.18,0.019,,,SSE,0.7,,
12219520,2025/09/28,10,0,0.002,0.002,0.004,0.2,,0.06,2.08,2.14,0.012,,,SE,2.1,,
12219520,2025/09/28,11,0,0.001,0.001,0.002,0.2,,0.06,2.08,2.14,0.007,,,SSE,2.6,,
12219520,2025/09/28,12,0,0.001,0.002,0.003,0.2,,0.05,2.04,2.09,0.009,,,SSE,3.6,,
12219520,2025/09/28,13,0,0.001,0.001,0.002,0.2,,0.05,2.00,2.05,0.018,,,SE,3.0,,
12219520,2025/09/28,14,0.002,0.001,0.004,0.005,0.2,,0.08,2.02,2.10,0.004,,,SE,2.8,,
12219520,2025/09/28,15,0,0,0.001,0.001,0.2,,0.03,1.99,2.02,0.012,,,SSE,3.1,,
12219520,2025/09/28,16,0,0.001,0.002,0.003,0.2,,0.04,1.99,2.03,0.016,,,SSE,2.7,,
12219520,2025/09/28,17,0,0.001,0.001,0.002,0.2,,0.05,1.99,2.04,0.028,,,SSE,2.3,,
12219520,2025/09/28,18,0,0.001,0.002,0.003,0.2,,0.05,1.99,2.04,0.016,,,SSE,1.9,,
12219520,2025/09/28,19,0,0.001,0.002,0.003,0.2,,0.05,1.99,2.04,0.011,,,SSE,1.7,,
12219520,2025/09/28,20,0,0.001,0.002,0.003,0.2,,0.06,2.00,2.06,0.016,,,SSE,1.7,,
12219520,2025/09/28,21,0,0.001,0.002,0.003,0.1,,0.05,2.00,2.05,0.015,,,SSE,1.2,,
12219520,2025/09/28,22,0,0.001,0.002,0.003,0.1,,0.05,2.00,2.05,0.016,,,SE,2.6,,
12219520,2025/09/28,23,0,0.001,0.001,0.002,0.1,,0.04,1.98,2.02,0.012,,,SSE,2.0,,
12219520,2025/09/28,24,0,0,0,0,0.1,,0.03,1.97,2.00,0.005,,,SSE,2.5,,
12219520,2025/09/29,01,0,0.001,0.002,0.003,0.1,,0.03,1.97,2.00,0.012,,,SSE,1.8,,
12219520,2025/09/29,02,-,-,-,-,-,,-,-,-,0.015,,,SSE,1.4,,
12219520,2025/09/29,03,0,0.001,0.001,0.002,0.1,,0.03,1.96,1.99,0.013,,,SSW,2.5,,
12219520,2025/09/29,04,0,0.001,0.002,0.003,0.1,,0.03,1.95,1.98,0.007,,,S,2.2,,
12219520,2025/09/29,05,0,0.003,0.003,0.006,0.1,,0.04,1.94,1.98,0.015,,,S,2.2,,
12219520,2025/09/29,06,0,0.003,0.002,0.005,0.1,,0.03,1.94,1.97,0.023,,,SSW,5.5,,
12219520,2025/09/29,07,0,0.005,0.001,0.006,0.1,,0.03,1.94,1.97,0.025,,,SW,5.4,,
12219520,2025/09/29,08,0,0.003,0.002,0.005,0.1,,0.04,1.94,1.98,0.014,,,SW,7.2,,
12219520,2025/09/29,09,0,0.005,0.004,0.009,0.2,,0.04,1.93,1.97,0.021,,,SW,7.0,,
12219520,2025/09/29,10,0.001,0.008,0.006,0.014,0.2,,0.04,1.94,1.98,0.015,,,SW,5.6,,
12219520,2025/09/29,11,0.006,0.009,0.015,0.024,0.5,,0.09,1.95,2.04,0.014,,,SW,4.7,,
12219520,2025/09/29,12,0.008,0.012,0.015,0.027,0.6,,0.14,1.98,2.12,0.019,,,SW,4.0,,
12219520,2025/09/29,13,0.003,0.007,0.007,0.014,0.3,,0.06,1.98,2.04,0.008,,,SW,3.9,,
12219520,2025/09/29,14,0.003,0.009,0.008,0.017,0.3,,-,-,-,0.011,,,SW,3.5,,
12219520,2025/09/29,15,0.004,0.010,0.012,0.022,0.3,,0.07,1.98,2.05,0.019,,,SW,2.9,,
12219520,2025/09/29,16,0.005,0.010,0.016,0.026,0.5,,0.09,2.00,2.09,0.017,,,SSW,3.6,,
12219520,2025/09/29,17,0.003,0.006,0.012,0.018,0.5,,0.05,2.00,2.05,0.015,,,SSW,1.8,,
12219520,2025/09/29,18,0.002,0.004,0.008,0.012,0.4,,0.08,2.00,2.08,0.020,,,S,1.3,,
12219520,2025/09/29,19,0.001,0.004,0.008,0.012,0.3,,0.07,1.99,2.06,0.012,,,SE,1.1,,
12219520,2025/09/29,20,0,0,0.005,0.005,0.2,,0.06,2.00,2.06,0.011,,,ENE,1.9,,
12219520,2025/09/29,21,0.001,0,0.007,0.007,0.3,,0.08,2.01,2.09,0.004,,,NNE,4.9,,
12219520,2025/09/29,22,0,0,0.003,0.003,0.2,,0.06,2.00,2.06,0.004,,,E,3.3,,
12219520,2025/09/29,23,0,0,0.003,0.003,0.2,,0.04,2.00,2.04,0.006,,,E,2.6,,
12219520,2025/09/29,24,0,0,0.003,0.003,0.2,,0.05,2.01,2.06,0.009,,,ENE,2.7,,
12219520,2025/09/30,01,0,0,0.002,0.002,0.1,,0.04,2.02,2.06,0.009,,,ENE,1.3,,
12219520,2025/09/30,02,0,0,0.002,0.002,0.1,,0.04,2.03,2.07,0.014,,,E,1.4,,
12219520,2025/09/30,03,0,0,0.002,0.002,0.1,,0.04,2.06,2.10,0.012,,,ENE,1.3,,
12219520,2025/09/30,04,0,0,0.002,0.002,0.1,,0.03,2.05,2.08,0.006,,,ESE,1.2,,
12219520,2025/09/30,05,0,0,0.003,0.003,0.1,,0.04,2.02,2.06,0.007,,,ENE,1.3,,
12219520,2025/09/30,06,0,0,0.004,0.004,0.1,,0.05,2.00,2.05,0.008,,,ENE,1.3,,
12219520,2025/09/30,07,0.001,0,0.005,0.005,0.2,,0.05,2.00,2.05,0.006,,,NNE,2.2,,
12219520,2025/09/30,08,0.001,0,0.009,0.009,0.2,,0.07,2.01,2.08,0.005,,,NNE,2.2,,
12219520,2025/09/30,09,0.001,0.001,0.008,0.009,0.2,,0.08,2.00,2.08,0.007,,,NE,2.4,,
12219520,2025/09/30,10,0,0.001,0.004,0.005,0.4,,0.07,2.00,2.07,0.013,,,NNE,3.5,,
12219520,2025/09/30,11,0,0.001,0.004,0.005,0.3,,0.06,2.00,2.06,0.011,,,NE,2.5,,
12219520,2025/09/30,12,0.001,0,0.003,0.003,0.3,,0.06,2.00,2.06,0.012,,,ENE,2.7,,
12219520,2025/09/30,13,0.001,0.001,0.003,0.004,0.3,,0.06,2.00,2.06,0.013,,,E,2.2,,
12219520,2025/09/30,14,0,0.001,0.002,0.003,0.3,,0.06,1.99,2.05,0.016,,,ENE,3.5,,
12219520,2025/09/30,15,0,0.001,0.002,0.003,0.3,,0.06,1.99,2.05,0.013,,,E,3.1,,
12219520,2025/09/30,16,0,0.001,0.002,0.003,0.4,,0.05,2.00,2.05,0.016,,,ENE,3.2,,
12219520,2025/09/30,17,0,0,0.001,0.001,0.2,,0.06,2.00,2.06,0.016,,,E,3.7,,
12219520,2025/09/30,18,0,0,0.002,0.002,0.2,,0.04,2.00,2.04,0.015,,,ENE,2.3,,
12219520,2025/09/30,19,0,0,0.003,0.003,0.2,,0.05,2.03,2.08,0.014,,,NE,2.0,,
12219520,2025/09/30,20,0,0,0.004,0.004,0.2,,0.06,2.01,2.07,0.016,,,NE,1.5,,
12219520,2025/09/30,21,0,0,0.004,0.004,0.2,,0.06,2.01,2.07,0.016,,,NE,1.4,,
12219520,2025/09/30,22,0,0,0.008,0.008,0.2,,0.09,2.02,2.11,0.014,,,ESE,0.7,,
12219520,2025/09/30,23,0,0,0.008,0.008,0.2,,0.11,2.09,2.20,0.014,,,E,1.0,,
12219520,2025/09/30,24,0,0,0.008,0.008,0.2,,0.10,2.10,2.20,0.016,,,ENE,0.6,,
